SINGLE 51.07888436815 -114.13096310100 1124.1037 -16.6000 WGS84 1.7593 1.6076 2.7451 "" 0.000 0.000 28 26 26 24 00 06 35 33
SINGLE 51.07888156117 -114.13095919897 1124.3051 -16.6000 WGS84 1.7489 1.6416 2.7311 "" 0.000 0.000 27 25 25 23 00 06 35 33
SINGLE 51.07886749697 -114.13093711604 1126.2701 -16.6000 WGS84 1.6031 1.3522 2.5688 "" 0.000 0.000 27 25 25 23 00 06 35 37
SINGLE 51.07886538220 -114.13092797356 1126.9080 -16.6000 WGS84 1.5784 1.3194 2.5466 "" 0.000 0.000 27 25 25 23 00 06 35 37
SINGLE 51.07884902923 -114.13093029188 1124.4128 -16.6000 WGS84 1.7458 1.3474 2.6807 "" 0.000 0.000 26 24 24 23 00 06 35 37
SINGLE 51.07886719317 -114.13092385590 1127.3330 -16.6000 WGS84 1.5868 1.3567 2.5698 "" 0.000 0.000 28 26 26 24 00 06 35 37
SINGLE 51.07886549055 -114.13091783453 1127.5830 -16.6000 WGS84 1.5596 1.3243 2.5497 "" 0.000 0.000 28 26 26 23 00 06 35 37
SINGLE 51.07887485712 -114.13093122851 1127.9544 -16.6000 WGS84 1.4458 1.1813 2.5586 "" 0.000 0.000 28 27 27 24 00 06 35 37
SINGLE 51.07887084240 -114.13092473030 1124.9803 -16.6000 WGS84 1.4899 1.2397 2.6210 "" 0.000 0.000 28 26 26 24 00 06 35 37
SINGLE 51.07887427318 -114.13097021949 1119.4982 -16.6000 WGS84 1.6899 1.3570 2.9713 "" 0.000 0.000 28 26 26 23 00 06 35 37
SINGLE 51.07889338484 -114.13096295853 1122.7312 -16.6000 WGS84 1.5712 1.3628 2.8135 "" 0.000 0.000 25 24 24 22 00 06 35 37
SINGLE 51.07889573830 -114.13096342937 1122.6367 -16.6000 WGS84 1.6254 1.3777 2.8017 "" 0.000 0.000 27 26 26 22 00 06 35 33
SINGLE 51.07889642937 -114.13096175551 1122.6527 -16.6000 WGS84 1.6266 1.3728 2.8060 "" 0.000 0.000 27 25 25 23 00 06 35 33
SINGLE 51.07889724850 -114.13095989394 1122.6795 -16.6000 WGS84 1.6263 1.3768 2.8033 "" 0.000 0.000 28 26 26 22 00 06 35 33
SINGLE 51.07889910304 -114.13095569569 1123.1909 -16.6000 WGS84 1.6293 1.3785 2.8032 "" 0.000 0.000 28 26 26 24 00 06 35 33
SINGLE 51.07888023950 -114.13095721486 1120.0027 -16.6000 WGS84 1.7086 1.3660 2.9041 "" 0.000 0.000 29 27 27 24 00 06 35 33
SINGLE 51.07890528574 -114.13095598923 1123.3070 -16.6000 WGS84 1.5851 1.3342 2.7633 "" 0.000 0.000 29 27 27 24 00 06 35 33
SINGLE 51.07890846438 -114.13096126976 1123.3855 -16.6000 WGS84 1.6411 1.4498 2.7784 "" 0.000 0.000 28 27 27 24 00 06 35 33
SINGLE 51.07890361356 -114.13095370060 1123.7521 -16.6000 WGS84 1.6644 1.4736 2.8388 "" 0.000 0.000 28 26 26 23 00 06 35 33
SINGLE 51.07890363652 -114.13093612520 1125.0859 -16.6000 WGS84 1.6459 1.6343 3.0250 "" 0.000 0.000 26 25 25 21 00 06 35 33
SINGLE 51.07890309241 -114.13093456071 1124.7759 -16.6000 WGS84 1.5832 1.6265 3.0462 "" 0.000 0.000 25 24 24 21 00 06 35 33
SINGLE 51.07890282424 -114.13094480270 1123.5528 -16.6000 WGS84 1.5945 1.4329 2.8552 "" 0.000 0.000 28 26 26 22 00 06 35 33
SINGLE 51.07890674073 -114.13094339091 1124.0065 -16.6000 WGS84 1.5964 1.4491 2.8398 "" 0.000 0.000 27 26 26 22 00 06 35 33
SINGLE 51.07890929394 -114.13092958980 1125.8783 -16.6000 WGS84 1.5639 1.3319 2.7367 "" 0.000 0.000 28 26 26 22 00 06 35 33
SINGLE 51.07890439128 -114.13093206088 1124.8018 -16.6000 WGS84 1.5281 1.3259 2.7092 "" 0.000 0.000 27 26 26 23 00 06 35 33
SINGLE 51.07890389647 -114.13092826177 1124.7574 -16.6000 WGS84 1.4987 1.2752 2.7064 "" 0.000 0.000 26 25 25 23 00 06 35 33
SINGLE 51.07890296796 -114.13092317369 1124.4474 -16.6000 WGS84 1.4681 1.1941 2.6846 "" 0.000 0.000 27 26 26 23 00 06 35 33
SINGLE 51.07890687140 -114.13092875515 1123.5976 -16.6000 WGS84 1.5136 1.3007 2.8205 "" 0.000 0.000 26 25 25 23 00 06 35 33
SINGLE 51.07888197537 -114.13092054852 1121.5367 -16.6000 WGS84 1.6015 1.1900 2.8274 "" 0.000 0.000 26 25 25 22 00 06 35 33
SINGLE 51.07889865829 -114.13091017561 1122.2686 -16.6000 WGS84 1.5477 1.3195 2.8409 "" 0.000 0.000 26 25 25 22 00 06 35 33
SINGLE 51.07890937951 -114.13091450266 1124.1606 -16.6000 WGS84 1.5433 1.3392 2.8588 "" 0.000 0.000 24 23 23 20 00 06 35 33
SINGLE 51.07890681646 -114.13091974050 1123.3255 -16.6000 WGS84 1.5392 1.3022 2.8208 "" 0.000 0.000 25 24 24 21 00 06 35 33
SINGLE 51.07888968576 -114.13092839809 1120.0107 -16.6000 WGS84 1.6611 1.3091 2.9761 "" 0.000 0.000 24 23 23 22 00 06 35 33
SINGLE 51.07890263803 -114.13090561509 1124.2228 -16.6000 WGS84 1.5031 1.2345 2.7933 "" 0.000 0.000 26 25 25 23 00 06 35 33
SINGLE 51.07891317940 -114.13090059229 1125.3970 -16.6000 WGS84 1.5477 1.4933 3.0138 "" 0.000 0.000 25 24 24 21 00 06 35 33
SINGLE 51.07889514629 -114.13091570337 1121.1406 -16.6000 WGS84 1.7944 1.6615 3.4235 "" 0.000 0.000 23 22 22 21 00 06 35 33
SINGLE 51.07890320738 -114.13090460983 1123.4834 -16.6000 WGS84 1.5383 1.2317 2.7844 "" 0.000 0.000 25 24 24 20 00 06 35 33
SINGLE 51.07890016708 -114.13089860201 1123.4415 -16.6000 WGS84 1.5429 1.2552 2.7783 "" 0.000 0.000 27 26 26 20 00 06 35 33
SINGLE 51.07890542750 -114.13090026555 1123.6884 -16.6000 WGS84 1.5069 1.2224 2.7670 "" 0.000 0.000 27 26 26 21 00 06 35 33
SINGLE 51.07890750142 -114.13090064271 1123.6865 -16.6000 WGS84 1.5071 1.2333 2.7633 "" 0.000 0.000 28 26 26 20 00 06 35 33
SINGLE 51.07891196326 -114.13091306452 1122.4548 -16.6000 WGS84 1.5523 1.3091 2.7950 "" 0.000 0.000 27 25 25 21 00 06 35 33
SINGLE 51.07891071893 -114.13091003131 1122.3338 -16.6000 WGS84 1.5561 1.3119 2.7997 "" 0.000 0.000 27 25 25 22 00 06 35 33
SINGLE 51.07890496553 -114.13089063646 1121.6584 -16.6000 WGS84 1.5910 1.3757 2.8668 "" 0.000 0.000 26 24 24 19 00 06 35 33
SINGLE 51.07889620012 -114.13091793646 1118.9106 -16.6000 WGS84 1.9046 1.7354 3.1164 "" 0.000 0.000 23 21 21 18 00 06 35 33
SINGLE 51.07891177247 -114.13089164814 1123.2647 -16.6000 WGS84 1.7688 1.6581 2.8485 "" 0.000 0.000 26 24 24 19 00 06 35 33
SINGLE 51.07889160003 -114.13091072328 1119.0630 -16.6000 WGS84 1.8556 1.7040 3.0780 "" 0.000 0.000 27 25 25 19 00 06 35 33
SINGLE 51.07890804333 -114.13089168389 1122.7708 -16.6000 WGS84 1.7471 1.5890 2.7923 "" 0.000 0.000 28 26 26 18 00 06 35 33
SINGLE 51.07890301286 -114.13087635810 1123.8617 -16.6000 WGS84 1.6398 1.3710 2.6182 "" 0.000 0.000 28 26 26 21 00 06 35 33
SINGLE 51.07890761126 -114.13087282121 1124.0461 -16.6000 WGS84 1.6510 1.3978 2.6390 "" 0.000 0.000 27 25 25 20 00 06 35 33
SINGLE 51.07890776493 -114.13088376070 1123.0047 -16.6000 WGS84 1.7349 1.5925 2.7837 "" 0.000 0.000 28 26 26 21 00 06 35 33
SINGLE 51.07889954157 -114.13086430697 1124.3304 -16.6000 WGS84 1.6321 1.3615 2.6108 "" 0.000 0.000 30 27 27 22 00 06 35 37
SINGLE 51.07890410689 -114.13085168306 1125.0390 -16.6000 WGS84 1.6097 1.3960 2.6330 "" 0.000 0.000 29 26 26 22 00 06 35 37
SINGLE 51.07890821984 -114.13085648632 1124.7569 -16.6000 WGS84 1.6378 1.4492 2.6611 "" 0.000 0.000 30 27 27 22 00 06 35 37
SINGLE 51.07890219698 -114.13085812311 1123.9866 -16.6000 WGS84 1.6202 1.4187 2.6542 "" 0.000 0.000 29 27 27 22 00 06 35 37
SINGLE 51.07889635422 -114.13087878884 1120.3229 -16.6000 WGS84 1.7287 1.6096 2.8546 "" 0.000 0.000 28 25 25 22 00 06 35 33
SINGLE 51.07889822855 -114.13088043606 1120.4028 -16.6000 WGS84 1.5255 1.3226 2.8203 "" 0.000 0.000 28 25 25 23 00 06 35 33
SINGLE 51.07890455951 -114.13084749199 1123.7461 -16.6000 WGS84 1.4959 1.2435 2.6971 "" 0.000 0.000 26 24 24 21 00 06 35 33
SINGLE 51.07890297532 -114.13085698731 1124.2249 -16.6000 WGS84 1.4550 1.1545 2.6050 "" 0.000 0.000 27 25 25 24 00 06 35 33
SINGLE 51.07890636070 -114.13084543560 1125.0382 -16.6000 WGS84 1.4745 1.1722 2.6108 "" 0.000 0.000 26 24 24 23 00 06 35 33
SINGLE 51.07890281152 -114.13085048947 1124.3299 -16.6000 WGS84 1.4564 1.1571 2.6008 "" 0.000 0.000 26 25 25 23 00 06 35 33
SINGLE 51.07891175200 -114.13086546408 1122.7297 -16.6000 WGS84 1.5031 1.3198 2.7831 "" 0.000 0.000 26 24 24 23 00 06 35 33
SINGLE 51.07888811629 -114.13085625021 1121.2258 -16.6000 WGS84 1.4805 1.1788 2.6493 "" 0.000 0.000 27 25 25 24 00 06 35 33
SINGLE 51.07890907884 -114.13085546087 1123.5222 -16.6000 WGS84 1.4534 1.1847 2.6258 "" 0.000 0.000 27 25 25 24 00 06 35 33
SINGLE 51.07890966450 -114.13085399642 1123.6110 -16.6000 WGS84 1.4460 1.1781 2.6144 "" 0.000 0.000 27 25 25 24 00 06 35 33
SINGLE 51.07891026643 -114.13085285418 1123.4709 -16.6000 WGS84 1.4462 1.1807 2.6149 "" 0.000 0.000 27 25 25 24 00 06 35 33
SINGLE 51.07890972965 -114.13085037395 1123.5002 -16.6000 WGS84 1.4430 1.1679 2.5976 "" 0.000 0.000 28 26 26 24 00 06 35 33
SINGLE 51.07889026413 -114.13085760074 1119.9074 -16.6000 WGS84 1.4700 1.1686 2.6271 "" 0.000 0.000 29 26 26 25 00 06 35 33
SINGLE 51.07891489569 -114.13085676019 1122.6078 -16.6000 WGS84 1.4959 1.3121 2.7614 "" 0.000 0.000 30 27 27 24 00 06 35 33
SINGLE 51.07891531069 -114.13085662498 1122.6367 -16.6000 WGS84 1.4992 1.3212 2.7643 "" 0.000 0.000 28 27 27 23 00 06 35 33
SINGLE 51.07889330208 -114.13086134813 1118.8281 -16.6000 WGS84 1.5178 1.3110 2.7881 "" 0.000 0.000 30 28 28 23 00 06 35 33
SINGLE 51.07891659916 -114.13083521613 1124.3248 -16.6000 WGS84 1.4993 1.4849 2.9421 "" 0.000 0.000 27 25 25 21 00 06 35 33
SINGLE 51.07891670152 -114.13084689874 1123.3772 -16.6000 WGS84 1.4894 1.3392 2.7986 "" 0.000 0.000 29 27 27 23 00 06 35 33
SINGLE 51.07891667930 -114.13084583634 1123.3904 -16.6000 WGS84 1.4883 1.3392 2.7989 "" 0.000 0.000 27 26 26 23 00 06 35 33
SINGLE 51.07891736546 -114.13084611185 1123.3201 -16.6000 WGS84 1.4859 1.3349 2.7976 "" 0.000 0.000 27 26 26 24 00 06 35 33
SINGLE 51.07891912449 -114.13083656837 1124.4932 -16.6000 WGS84 1.5019 1.3930 2.8478 "" 0.000 0.000 27 25 25 23 00 06 35 33
SINGLE 51.07891956965 -114.13083613036 1124.3717 -16.6000 WGS84 1.5027 1.3742 2.8388 "" 0.000 0.000 28 26 26 25 00 06 35 33
SINGLE 51.07889767878 -114.13079063579 1126.9008 -16.6000 WGS84 1.4682 1.2657 2.6545 "" 0.000 0.000 28 26 26 24 00 06 35 33
SINGLE 51.07889829224 -114.13085149647 1119.4349 -16.6000 WGS84 1.5249 1.4107 2.9018 "" 0.000 0.000 26 24 24 23 00 06 35 33
SINGLE 51.07890923896 -114.13080486201 1127.6553 -16.6000 WGS84 1.4404 1.2724 2.6580 "" 0.000 0.000 28 26 26 23 00 06 35 33
SINGLE 51.07891141824 -114.13081036439 1127.2100 -16.6000 WGS84 1.4466 1.2739 2.6689 "" 0.000 0.000 29 27 27 23 00 06 35 33
SINGLE 51.07892241665 -114.13083444532 1124.2988 -16.6000 WGS84 1.4929 1.3771 2.8290 "" 0.000 0.000 28 27 27 23 00 06 35 33
SINGLE 51.07892155127 -114.13083240005 1124.3014 -16.6000 WGS84 1.4863 1.3628 2.8171 "" 0.000 0.000 28 27 27 24 00 06 35 33
SINGLE 51.07891640267 -114.13083738589 1123.4435 -16.6000 WGS84 1.4685 1.3064 2.7656 "" 0.000 0.000 29 27 27 24 00 06 35 33
SINGLE 51.07891541129 -114.13083322431 1123.6777 -16.6000 WGS84 1.4638 1.3114 2.7774 "" 0.000 0.000 28 26 26 24 00 06 35 33
SINGLE 51.07891747283 -114.13082325670 1124.3150 -16.6000 WGS84 1.4662 1.4274 2.8956 "" 0.000 0.000 26 24 24 21 00 06 35 33
SINGLE 51.07892127565 -114.13083930452 1122.1758 -16.6000 WGS84 1.4848 1.3354 2.7738 "" 0.000 0.000 25 23 23 21 00 06 35 33
SINGLE 51.07892152448 -114.13082253784 1121.9545 -16.6000 WGS84 1.4970 1.3467 2.8062 "" 0.000 0.000 26 23 23 21 00 06 35 33
SINGLE 51.07892220112 -114.13082128642 1121.9184 -16.6000 WGS84 1.4959 1.3443 2.8027 "" 0.000 0.000 26 23 23 22 00 06 35 33
SINGLE 51.07891532996 -114.13081269850 1120.4695 -16.6000 WGS84 1.5267 1.3563 2.8060 "" 0.000 0.000 26 24 24 22 00 06 35 33
SINGLE 51.07892313147 -114.13081876459 1121.7912 -16.6000 WGS84 1.4926 1.3347 2.7903 "" 0.000 0.000 26 24 24 22 00 06 35 33
SINGLE 51.07892232496 -114.13082031705 1121.4289 -16.6000 WGS84 1.4837 1.2993 2.7564 "" 0.000 0.000 26 24 24 24 00 06 35 33
SINGLE 51.07892219184 -114.13080958705 1122.5807 -16.6000 WGS84 1.4769 1.4649 2.9313 "" 0.000 0.000 25 23 23 23 00 06 35 33
SINGLE 51.07892266134 -114.13081768194 1121.7640 -16.6000 WGS84 1.4732 1.3005 2.7544 "" 0.000 0.000 26 25 25 24 00 06 35 33
SINGLE 51.07892331538 -114.13080721662 1122.6853 -16.6000 WGS84 1.4723 1.4563 2.9168 "" 0.000 0.000 25 24 24 22 00 06 35 33
SINGLE 51.07890545685 -114.13082250876 1118.4162 -16.6000 WGS84 1.5986 1.4177 3.0797 "" 0.000 0.000 27 25 25 23 00 06 35 33
SINGLE 51.07892441882 -114.13081425637 1121.5964 -16.6000 WGS84 1.4747 1.3238 2.7825 "" 0.000 0.000 26 24 24 24 00 06 35 33
SINGLE 51.07892536261 -114.13082253082 1122.2258 -16.6000 WGS84 1.4618 1.3574 2.7851 "" 0.000 0.000 26 24 24 23 00 06 35 33
SINGLE 51.07892623700 -114.13082003849 1122.4449 -16.6000 WGS84 1.4592 1.3802 2.8031 "" 0.000 0.000 27 25 25 22 00 06 35 33
SINGLE 51.07891829316 -114.13080390724 1120.9955 -16.6000 WGS84 1.4694 1.3435 2.7888 "" 0.000 0.000 29 27 27 23 00 06 35 33
SINGLE 51.07892626959 -114.13080746020 1123.1227 -16.6000 WGS84 1.4533 1.4425 2.8941 "" 0.000 0.000 28 26 26 22 00 06 35 33
SINGLE 51.07892771763 -114.13080757035 1123.0621 -16.6000 WGS84 1.4549 1.4464 2.9031 "" 0.000 0.000 26 24 24 22 00 06 35 33
SINGLE 51.07892801689 -114.13081100347 1122.4308 -16.6000 WGS84 1.4568 1.2838 2.7394 "" 0.000 0.000 26 24 24 23 00 06 35 33
SINGLE 51.07892868958 -114.13081011603 1122.4504 -16.6000 WGS84 1.4574 1.3093 2.7439 "" 0.000 0.000 25 23 23 22 00 06 35 33
SINGLE 51.07893134014 -114.13080389778 1123.1126 -16.6000 WGS84 1.4667 1.3294 2.7762 "" 0.000 0.000 26 24 24 21 00 06 35 33
SINGLE 51.07893207494 -114.13080621367 1122.8232 -16.6000 WGS84 1.4673 1.3268 2.7742 "" 0.000 0.000 26 24 24 22 00 06 35 33
SINGLE 51.07893329046 -114.13080905133 1122.3441 -16.6000 WGS84 1.4678 1.3303 2.7783 "" 0.000 0.000 25 23 23 23 00 06 35 33
SINGLE 51.07891531986 -114.13077546109 1124.3595 -16.6000 WGS84 1.4391 1.2601 2.6550 "" 0.000 0.000 27 25 25 22 00 06 35 33
SINGLE 51.07893404239 -114.13081332822 1121.7262 -16.6000 WGS84 1.4674 1.3291 2.7781 "" 0.000 0.000 26 23 23 22 00 06 35 33
SINGLE 51.07893433384 -114.13081444358 1121.4843 -16.6000 WGS84 1.4676 1.3297 2.7784 "" 0.000 0.000 26 23 23 22 00 06 35 33
SINGLE 51.07893477431 -114.13081466841 1121.4644 -16.6000 WGS84 1.4657 1.3262 2.7737 "" 0.000 0.000 27 24 24 23 00 06 35 33
SINGLE 51.07893685618 -114.13081715778 1121.2725 -16.6000 WGS84 1.4826 1.3438 2.7762 "" 0.000 0.000 26 24 24 23 00 06 35 33
SINGLE 51.07892961429 -114.13080676710 1119.9183 -16.6000 WGS84 1.4795 1.3460 2.7869 "" 0.000 0.000 25 23 23 22 00 06 35 33
SINGLE 51.07893364587 -114.13081693580 1120.5167 -16.6000 WGS84 1.4584 1.3106 2.7431 "" 0.000 0.000 26 23 23 23 00 06 35 33
SINGLE 51.07893360858 -114.13081659738 1120.3426 -16.6000 WGS84 1.4563 1.3065 2.7383 "" 0.000 0.000 27 24 24 22 00 06 35 33
SINGLE 51.07893523345 -114.13081784089 1120.5179 -16.6000 WGS84 1.4489 1.2987 2.7304 "" 0.000 0.000 28 25 25 24 00 06 35 33
SINGLE 51.07893491127 -114.13081313466 1121.1346 -16.6000 WGS84 1.4557 1.3036 2.7146 "" 0.000 0.000 29 26 26 25 00 06 35 33
SINGLE 51.07893852887 -114.13081703964 1120.6984 -16.6000 WGS84 1.4623 1.3185 2.7319 "" 0.000 0.000 28 25 25 24 00 06 35 33
SINGLE 51.07892134574 -114.13077315028 1125.2955 -16.6000 WGS84 1.4118 1.1875 2.5879 "" 0.000 0.000 28 25 25 24 00 06 35 33
SINGLE 51.07893881278 -114.13081300916 1120.8286 -16.6000 WGS84 1.4646 1.3190 2.7330 "" 0.000 0.000 27 24 24 22 00 06 35 33
SINGLE 51.07892100525 -114.13076720205 1125.6964 -16.6000 WGS84 1.4078 1.1806 2.5814 "" 0.000 0.000 27 24 24 24 00 06 35 33
SINGLE 51.07892076259 -114.13076228181 1126.0388 -16.6000 WGS84 1.4029 1.1680 2.5637 "" 0.000 0.000 29 26 26 24 00 06 35 33
SINGLE 51.07892047067 -114.13075953567 1127.0048 -16.6000 WGS84 1.3957 1.1456 2.5424 "" 0.000 0.000 29 26 26 23 00 06 35 33
SINGLE 51.07892177943 -114.13076466679 1126.8939 -16.6000 WGS84 1.4002 1.1495 2.5531 "" 0.000 0.000 28 25 25 23 00 06 35 33
SINGLE 51.07892465438 -114.13077365479 1127.3231 -16.6000 WGS84 1.4033 1.1480 2.5581 "" 0.000 0.000 28 25 25 22 00 06 35 33
SINGLE 51.07894464523 -114.13082047954 1122.5586 -16.6000 WGS84 1.4616 1.2850 2.7230 "" 0.000 0.000 26 24 24 22 00 06 35 33
SINGLE 51.07894653807 -114.13082154148 1122.8567 -16.6000 WGS84 1.4592 1.2810 2.7197 "" 0.000 0.000 27 24 24 22 00 06 35 33
SINGLE 51.07893439225 -114.13077715444 1127.6390 -16.6000 WGS84 1.4227 1.2981 2.7097 "" 0.000 0.000 27 24 24 23 00 06 35 33
SINGLE 51.07892564998 -114.13076452334 1129.1071 -16.6000 WGS84 1.3941 1.1253 2.5337 "" 0.000 0.000 28 25 25 24 00 06 35 33
SINGLE 51.07891502879 -114.13074530659 1126.4729 -16.6000 WGS84 1.4329 1.1803 2.6082 "" 0.000 0.000 28 25 25 22 00 06 35 33
SINGLE 51.07893601057 -114.13079127366 1121.7728 -16.6000 WGS84 1.5040 1.3429 2.7678 "" 0.000 0.000 26 24 24 22 00 06 35 33
SINGLE 51.07893314722 -114.13077634429 1128.0170 -16.6000 WGS84 1.4017 1.1484 2.5618 "" 0.000 0.000 27 24 24 22 00 06 35 33
SINGLE 51.07892164474 -114.13075664526 1125.3910 -16.6000 WGS84 1.4383 1.1987 2.6234 "" 0.000 0.000 28 25 25 22 00 06 35 33
SINGLE 51.07893868580 -114.13078605776 1126.9419 -16.6000 WGS84 1.4149 1.1848 2.6033 "" 0.000 0.000 27 24 24 23 00 06 35 33
SINGLE 51.07895160686 -114.13081324111 1123.9134 -16.6000 WGS84 1.4560 1.2896 2.7274 "" 0.000 0.000 26 23 23 23 00 06 35 33
SINGLE 51.07892920754 -114.13073900450 1126.9322 -16.6000 WGS84 1.3971 1.1724 2.5657 "" 0.000 0.000 28 24 24 22 00 06 35 33
SINGLE 51.07894806169 -114.13078117334 1122.2610 -16.6000 WGS84 1.4572 1.3237 2.7322 "" 0.000 0.000 27 23 23 23 00 06 35 33
SINGLE 51.07894715895 -114.13077750421 1122.0112 -16.6000 WGS84 1.4610 1.3331 2.7390 "" 0.000 0.000 28 23 23 21 00 06 35 33
SINGLE 51.07893256049 -114.13074409822 1119.7061 -16.6000 WGS84 1.5229 1.4267 2.8388 "" 0.000 0.000 27 22 22 21 00 06 35 33
SINGLE 51.07895081633 -114.13078158321 1122.1218 -16.6000 WGS84 1.4824 1.3789 2.7370 "" 0.000 0.000 29 24 24 21 00 06 35 33
SINGLE 51.07894950572 -114.13077700972 1121.7926 -16.6000 WGS84 1.4898 1.3934 2.7472 "" 0.000 0.000 29 24 24 21 00 06 35 33
SINGLE 51.07894984486 -114.13077695421 1121.6846 -16.6000 WGS84 1.4919 1.3924 2.7473 "" 0.000 0.000 28 23 23 21 00 06 35 33
SINGLE 51.07895007896 -114.13077544986 1121.6960 -16.6000 WGS84 1.4921 1.3830 2.7397 "" 0.000 0.000 29 24 24 21 00 06 35 33
SINGLE 51.07895072748 -114.13077488173 1121.6164 -16.6000 WGS84 1.4929 1.3767 2.7336 "" 0.000 0.000 29 24 24 22 00 06 35 33
SINGLE 51.07894826540 -114.13076992636 1121.6144 -16.6000 WGS84 1.4597 1.3208 2.7294 "" 0.000 0.000 29 25 25 23 00 06 35 33
SINGLE 51.07895236331 -114.13077555675 1121.5818 -16.6000 WGS84 1.4889 1.3681 2.7283 "" 0.000 0.000 29 25 25 21 00 06 35 33
SINGLE 51.07896099420 -114.13081488896 1122.9438 -16.6000 WGS84 1.4826 1.3149 2.7161 "" 0.000 0.000 28 24 24 20 00 06 35 33
SINGLE 51.07892857695 -114.13072761114 1118.5729 -16.6000 WGS84 1.5002 1.3802 2.7590 "" 0.000 0.000 30 26 26 22 00 06 35 33
SINGLE 51.07892876161 -114.13072682373 1118.3765 -16.6000 WGS84 1.5015 1.3790 2.7576 "" 0.000 0.000 29 25 25 21 00 06 35 33
SINGLE 51.07892983986 -114.13072630784 1118.3838 -16.6000 WGS84 1.4989 1.3768 2.7559 "" 0.000 0.000 30 26 26 22 00 06 35 33
SINGLE 51.07893010782 -114.13072555009 1118.1823 -16.6000 WGS84 1.5022 1.3831 2.7611 "" 0.000 0.000 28 24 24 21 00 06 35 33
SINGLE 51.07892706318 -114.13071711180 1118.6858 -16.6000 WGS84 1.4675 1.3200 2.7427 "" 0.000 0.000 29 25 25 22 00 06 35 33
SINGLE 51.07893017919 -114.13072775374 1119.1571 -16.6000 WGS84 1.4654 1.3058 2.7398 "" 0.000 0.000 29 25 25 23 00 06 35 33
SINGLE 51.07893785871 -114.13075964135 1120.6118 -16.6000 WGS84 1.4640 1.2595 2.7311 "" 0.000 0.000 29 25 25 24 00 06 35 33
SINGLE 51.07894615421 -114.13077154836 1120.4845 -16.6000 WGS84 1.4985 1.3065 2.7338 "" 0.000 0.000 27 23 23 22 00 06 35 33
SINGLE 51.07894672453 -114.13077404720 1120.0144 -16.6000 WGS84 1.5004 1.4618 2.8858 "" 0.000 0.000 26 22 22 21 00 06 35 33
SINGLE 51.07894785191 -114.13077276090 1120.0597 -16.6000 WGS84 1.5008 1.4647 2.8829 "" 0.000 0.000 27 23 23 21 00 06 35 33
SINGLE 51.07895207890 -114.13078305511 1119.5010 -16.6000 WGS84 1.5300 1.5476 2.9038 "" 0.000 0.000 26 22 22 22 00 06 35 33
SINGLE 51.07895354346 -114.13078236454 1119.5333 -16.6000 WGS84 1.5266 1.5357 2.9001 "" 0.000 0.000 26 22 22 22 00 06 35 33
SINGLE 51.07895207442 -114.13077407513 1119.9825 -16.6000 WGS84 1.4966 1.4601 2.8714 "" 0.000 0.000 26 23 23 22 00 06 35 33
SINGLE 51.07895578266 -114.13078118692 1119.4128 -16.6000 WGS84 1.4963 1.4624 2.8712 "" 0.000 0.000 27 23 23 22 00 06 35 33
SINGLE 51.07895686072 -114.13078039827 1119.3725 -16.6000 WGS84 1.5418 1.4602 2.8893 "" 0.000 0.000 27 23 23 22 00 06 35 37
SINGLE 51.07894902341 -114.13077433540 1118.4753 -16.6000 WGS84 1.4904 1.4424 2.8677 "" 0.000 0.000 27 23 23 22 00 06 35 33
SINGLE 51.07894965029 -114.13077344856 1118.4477 -16.6000 WGS84 1.4884 1.4398 2.8670 "" 0.000 0.000 27 23 23 22 00 06 35 33
SINGLE 51.07894916364 -114.13077072844 1118.4749 -16.6000 WGS84 1.4897 1.4454 2.8691 "" 0.000 0.000 27 23 23 22 00 06 35 33
SINGLE 51.07895068107 -114.13077120678 1118.3687 -16.6000 WGS84 1.4875 1.4418 2.8682 "" 0.000 0.000 28 24 24 22 00 06 35 33
SINGLE 51.07895121716 -114.13076958320 1118.3658 -16.6000 WGS84 1.4876 1.4443 2.8686 "" 0.000 0.000 28 24 24 23 00 06 35 33
SINGLE 51.07894578406 -114.13075613986 1119.3100 -16.6000 WGS84 1.4680 1.4122 2.8291 "" 0.000 0.000 27 24 24 23 00 06 35 33
SINGLE 51.07894596094 -114.13075352101 1119.5107 -16.6000 WGS84 1.4610 1.3987 2.8175 "" 0.000 0.000 29 26 26 23 00 06 35 33
SINGLE 51.07894654464 -114.13075345320 1119.3389 -16.6000 WGS84 1.4648 1.4073 2.8245 "" 0.000 0.000 29 26 26 23 00 06 35 33
SINGLE 51.07894775934 -114.13075428059 1119.0449 -16.6000 WGS84 1.4714 1.4193 2.8353 "" 0.000 0.000 29 26 26 24 00 06 35 33
SINGLE 51.07895297474 -114.13076251095 1118.1349 -16.6000 WGS84 1.4910 1.4555 2.8710 "" 0.000 0.000 28 25 25 24 00 06 35 33
SINGLE 51.07895393597 -114.13076245651 1117.9383 -16.6000 WGS84 1.4913 1.4521 2.8715 "" 0.000 0.000 28 25 25 24 00 06 35 33
SINGLE 51.07895637235 -114.13076222640 1118.1056 -16.6000 WGS84 1.4992 1.4513 2.8729 "" 0.000 0.000 29 26 26 24 00 06 35 33
SINGLE 51.07896139430 -114.13076913920 1117.9542 -16.6000 WGS84 1.4688 1.4053 2.8725 "" 0.000 0.000 29 26 26 24 00 06 35 33
SINGLE 51.07896478693 -114.13077254051 1117.8666 -16.6000 WGS84 1.4635 1.4002 2.8730 "" 0.000 0.000 29 26 26 24 00 06 35 33
SINGLE 51.07897250423 -114.13078277561 1119.0221 -16.6000 WGS84 1.4416 1.3691 2.8453 "" 0.000 0.000 29 26 26 24 00 06 35 33
SINGLE 51.07897768096 -114.13079000679 1119.5849 -16.6000 WGS84 1.4272 1.3492 2.8300 "" 0.000 0.000 29 26 26 24 00 06 35 33
SINGLE 51.07897002253 -114.13075656765 1118.0950 -16.6000 WGS84 1.4582 1.4054 2.8899 "" 0.000 0.000 29 26 26 24 00 06 35 33
SINGLE 51.07897438081 -114.13075068130 1118.8318 -16.6000 WGS84 1.4286 1.4013 2.8348 "" 0.000 0.000 29 26 26 24 00 06 35 33
SINGLE 51.07897578875 -114.13074962229 1119.0759 -16.6000 WGS84 1.4268 1.3934 2.8313 "" 0.000 0.000 29 26 26 24 00 06 35 33
SINGLE 51.07897993342 -114.13074517338 1119.8179 -16.6000 WGS84 1.4548 1.4185 2.8776 "" 0.000 0.000 30 27 27 25 00 06 35 33
SINGLE 51.07898339533 -114.13073619854 1120.7675 -16.6000 WGS84 1.4902 1.3272 2.7860 "" 0.000 0.000 29 26 26 25 00 06 35 37
SINGLE 51.07898554843 -114.13073708318 1120.8969 -16.6000 WGS84 1.4552 1.3259 2.7808 "" 0.000 0.000 29 26 26 25 00 06 35 33
SINGLE 51.07898864829 -114.13074012605 1121.1914 -16.6000 WGS84 1.4618 1.3373 2.7931 "" 0.000 0.000 29 26 26 24 00 06 35 33
SINGLE 51.07898904961 -114.13073568479 1121.4704 -16.6000 WGS84 1.4598 1.2912 2.7488 "" 0.000 0.000 29 26 26 25 00 06 35 33
SINGLE 51.07898847062 -114.13073292021 1121.2466 -16.6000 WGS84 1.4602 1.2918 2.7517 "" 0.000 0.000 29 26 26 24 00 06 35 33
SINGLE 51.07898583895 -114.13072284659 1120.7698 -16.6000 WGS84 1.4548 1.2578 2.7501 "" 0.000 0.000 30 27 27 25 00 06 35 33
SINGLE 51.07898358521 -114.13071631285 1120.2443 -16.6000 WGS84 1.4835 1.2488 2.7391 "" 0.000 0.000 29 26 26 25 00 06 35 37
SINGLE 51.07898052484 -114.13070775998 1121.3671 -16.6000 WGS84 1.4597 1.2065 2.6944 "" 0.000 0.000 30 27 27 25 00 06 35 33
SINGLE 51.07898297885 -114.13071681512 1121.5538 -16.6000 WGS84 1.4214 1.1820 2.6559 "" 0.000 0.000 30 27 27 25 00 06 35 33
SINGLE 51.07898352321 -114.13071705958 1121.4677 -16.6000 WGS84 1.4088 1.1769 2.6585 "" 0.000 0.000 30 27 27 25 00 06 35 33
SINGLE 51.07898071074 -114.13071145668 1120.6298 -16.6000 WGS84 1.4206 1.1884 2.6724 "" 0.000 0.000 30 27 27 25 00 06 35 33
SINGLE 51.07898257105 -114.13071213157 1120.5185 -16.6000 WGS84 1.4314 1.1969 2.6767 "" 0.000 0.000 30 27 27 26 00 06 35 33
SINGLE 51.07898393824 -114.13071337090 1120.1181 -16.6000 WGS84 1.4365 1.2034 2.6810 "" 0.000 0.000 29 26 26 25 00 06 35 33
SINGLE 51.07898813528 -114.13071770350 1119.6062 -16.6000 WGS84 1.4534 1.2132 2.6961 "" 0.000 0.000 29 26 26 25 00 06 35 33
SINGLE 51.07898320246 -114.13070738835 1120.7453 -16.6000 WGS84 1.4483 1.1873 2.6653 "" 0.000 0.000 29 26 26 25 00 06 35 33
SINGLE 51.07898450363 -114.13073313020 1121.9500 -16.6000 WGS84 1.4037 1.1759 2.6519 "" 0.000 0.000 29 26 26 25 00 06 35 33
SINGLE 51.07898467365 -114.13070406178 1120.6479 -16.6000 WGS84 1.4861 1.1932 2.6722 "" 0.000 0.000 28 25 25 25 00 06 35 33
SINGLE 51.07897332959 -114.13069697431 1119.6213 -16.6000 WGS84 1.4151 1.1714 2.6529 "" 0.000 0.000 29 26 26 26 00 06 35 33
SINGLE 51.07897332853 -114.13069591036 1119.5406 -16.6000 WGS84 1.4129 1.1689 2.6502 "" 0.000 0.000 29 26 26 25 00 06 35 33
SINGLE 51.07897204603 -114.13069406320 1119.2857 -16.6000 WGS84 1.4004 1.1666 2.6490 "" 0.000 0.000 29 26 26 26 00 06 35 33
SINGLE 51.07896116002 -114.13067572758 1116.9272 -16.6000 WGS84 1.4192 1.1943 2.6900 "" 0.000 0.000 29 26 26 25 00 06 35 33
SINGLE 51.07896131447 -114.13067405660 1117.0436 -16.6000 WGS84 1.4238 1.1902 2.6926 "" 0.000 0.000 29 26 26 25 00 06 35 33
SINGLE 51.07896130375 -114.13067235433 1117.0352 -16.6000 WGS84 1.4313 1.1877 2.7004 "" 0.000 0.000 29 26 26 25 00 06 35 33
SINGLE 51.07897431773 -114.13069057465 1119.4797 -16.6000 WGS84 1.4380 1.2289 2.6683 "" 0.000 0.000 28 25 25 23 00 06 35 33
SINGLE 51.07898730198 -114.13069949708 1116.6042 -16.6000 WGS84 1.5946 1.3553 2.7779 "" 0.000 0.000 27 24 24 23 00 06 35 37
SINGLE 51.07896499222 -114.13067003176 1116.9911 -16.6000 WGS84 1.4865 1.2715 2.7141 "" 0.000 0.000 28 25 25 23 00 06 35 33
SINGLE 51.07896636552 -114.13066984457 1116.8470 -16.6000 WGS84 1.4873 1.2729 2.7144 "" 0.000 0.000 28 25 25 24 00 06 35 33
SINGLE 51.07896705818 -114.13066845530 1116.9409 -16.6000 WGS84 1.4797 1.2670 2.7085 "" 0.000 0.000 28 25 25 25 00 06 35 33
SINGLE 51.07897674495 -114.13067956940 1118.2628 -16.6000 WGS84 1.4799 1.2569 2.6943 "" 0.000 0.000 28 25 25 24 00 06 35 33
SINGLE 51.07900973751 -114.13070610286 1123.6508 -16.6000 WGS84 1.5688 1.2158 2.8085 "" 0.000 0.000 28 25 25 24 00 06 35 33
SINGLE 51.07900133534 -114.13071230939 1121.9793 -16.6000 WGS84 1.4414 1.2120 2.6467 "" 0.000 0.000 28 25 25 24 00 06 35 33
SINGLE 51.07900271751 -114.13071213150 1121.4142 -16.6000 WGS84 1.4487 1.2227 2.6588 "" 0.000 0.000 28 25 25 24 00 06 35 33
SINGLE 51.07900043587 -114.13070707230 1120.8778 -16.6000 WGS84 1.4430 1.2174 2.6535 "" 0.000 0.000 28 25 25 24 00 06 35 33
SINGLE 51.07901283999 -114.13071560684 1121.6456 -16.6000 WGS84 1.4521 1.2189 2.6538 "" 0.000 0.000 28 25 25 24 00 06 35 37
SINGLE 51.07900028584 -114.13070213867 1120.3710 -16.6000 WGS84 1.4208 1.2102 2.6489 "" 0.000 0.000 28 25 25 24 00 06 35 33
SINGLE 51.07898170265 -114.13066979096 1116.7132 -16.6000 WGS84 1.4663 1.2627 2.7094 "" 0.000 0.000 28 25 25 24 00 06 35 33
SINGLE 51.07900461345 -114.13070588947 1120.5098 -16.6000 WGS84 1.4232 1.2117 2.6501 "" 0.000 0.000 28 25 25 24 00 06 35 33
SINGLE 51.07900647408 -114.13070620912 1120.6048 -16.6000 WGS84 1.4296 1.2119 2.6496 "" 0.000 0.000 28 25 25 24 00 06 35 33
SINGLE 51.07900447131 -114.13070211489 1120.4983 -16.6000 WGS84 1.4244 1.2091 2.6470 "" 0.000 0.000 28 25 25 24 00 06 35 33
SINGLE 51.07900317149 -114.13069813277 1120.6278 -16.6000 WGS84 1.4183 1.2028 2.6400 "" 0.000 0.000 28 25 25 24 00 06 35 33
SINGLE 51.07898250987 -114.13066273005 1116.7658 -16.6000 WGS84 1.4573 1.2512 2.6974 "" 0.000 0.000 28 25 25 24 00 06 35 33
SINGLE 51.07898472286 -114.13066433288 1116.5484 -16.6000 WGS84 1.4592 1.2565 2.7016 "" 0.000 0.000 28 25 25 24 00 06 35 33
SINGLE 51.07900989086 -114.13070318309 1120.9865 -16.6000 WGS84 1.4162 1.2024 2.6372 "" 0.000 0.000 28 25 25 24 00 06 35 33
SINGLE 51.07902319274 -114.13072473321 1119.7418 -16.6000 WGS84 1.4457 1.2468 2.6879 "" 0.000 0.000 27 24 24 24 00 06 35 33
SINGLE 51.07902224135 -114.13071118881 1122.4522 -16.6000 WGS84 1.4474 1.2173 2.6341 "" 0.000 0.000 29 26 26 25 00 06 35 37
SINGLE 51.07903392252 -114.13072954783 1120.2141 -16.6000 WGS84 1.4783 1.2632 2.6901 "" 0.000 0.000 28 25 25 24 00 06 35 37
SINGLE 51.07901443961 -114.13070315806 1121.4086 -16.6000 WGS84 1.4215 1.2029 2.6355 "" 0.000 0.000 28 25 25 24 00 06 35 33
SINGLE 51.07901543933 -114.13070346881 1121.2658 -16.6000 WGS84 1.4209 1.2032 2.6369 "" 0.000 0.000 29 26 26 24 00 06 35 33
SINGLE 51.07901339468 -114.13069845944 1121.1191 -16.6000 WGS84 1.4199 1.2005 2.6352 "" 0.000 0.000 29 26 26 24 00 06 35 33
SINGLE 51.07901419454 -114.13069834440 1121.1285 -16.6000 WGS84 1.4185 1.1996 2.6333 "" 0.000 0.000 29 26 26 24 00 06 35 33
SINGLE 51.07901315078 -114.13069552111 1120.7669 -16.6000 WGS84 1.4160 1.1961 2.6283 "" 0.000 0.000 31 28 28 24 00 06 35 33
SINGLE 51.07901469411 -114.13069575448 1120.7646 -16.6000 WGS84 1.4128 1.1926 2.6258 "" 0.000 0.000 30 27 27 24 00 06 35 33
SINGLE 51.07901626354 -114.13069588971 1120.8778 -16.6000 WGS84 1.4093 1.1907 2.6224 "" 0.000 0.000 30 27 27 23 00 06 35 33
SINGLE 51.07901901889 -114.13069903795 1120.9631 -16.6000 WGS84 1.4109 1.1940 2.6254 "" 0.000 0.000 30 27 27 23 00 06 35 33
SINGLE 51.07901972197 -114.13069787065 1121.0360 -16.6000 WGS84 1.4098 1.1932 2.6236 "" 0.000 0.000 29 26 26 23 00 06 35 33
SINGLE 51.07902090007 -114.13069776693 1120.9523 -16.6000 WGS84 1.4135 1.1971 2.6288 "" 0.000 0.000 28 25 25 23 00 06 35 33
SINGLE 51.07903214431 -114.13071499265 1119.5575 -16.6000 WGS84 1.4472 1.2469 2.6827 "" 0.000 0.000 28 25 25 24 00 06 35 33
SINGLE 51.07902501312 -114.13069999577 1120.9628 -16.6000 WGS84 1.4173 1.2061 2.6366 "" 0.000 0.000 29 26 26 24 00 06 35 33
SINGLE 51.07902663085 -114.13070061636 1120.9114 -16.6000 WGS84 1.4174 1.2059 2.6370 "" 0.000 0.000 29 26 26 25 00 06 35 33
SINGLE 51.07902818422 -114.13070107571 1121.1547 -16.6000 WGS84 1.4148 1.2033 2.6342 "" 0.000 0.000 29 26 26 25 00 06 35 33
SINGLE 51.07901620586 -114.13068442960 1122.8424 -16.6000 WGS84 1.3075 1.1195 2.4908 "" 0.000 0.000 28 25 25 25 00 06 35 33
SINGLE 51.07902532158 -114.13069187648 1121.1764 -16.6000 WGS84 1.4023 1.1885 2.6170 "" 0.000 0.000 29 26 26 25 00 06 35 37
SINGLE 51.07900626686 -114.13066315501 1124.2271 -16.6000 WGS84 1.3023 1.0998 2.4811 "" 0.000 0.000 29 26 26 24 00 06 35 33
SINGLE 51.07902527825 -114.13068687592 1121.1322 -16.6000 WGS84 1.3879 1.1756 2.5977 "" 0.000 0.000 30 27 27 24 00 06 35 37
SINGLE 51.07902437261 -114.13068299087 1121.0510 -16.6000 WGS84 1.3741 1.1643 2.5798 "" 0.000 0.000 30 27 27 24 00 06 35 37
SINGLE 51.07900285189 -114.13064526826 1116.8428 -16.6000 WGS84 1.3711 1.1748 2.6000 "" 0.000 0.000 30 27 27 24 00 06 35 37
SINGLE 51.07902068285 -114.13067270572 1121.3304 -16.6000 WGS84 1.2989 1.0970 2.4776 "" 0.000 0.000 29 26 26 25 00 06 35 37
SINGLE 51.07902215840 -114.13067332459 1121.3033 -16.6000 WGS84 1.2982 1.0951 2.4758 "" 0.000 0.000 30 27 27 24 00 06 35 37
SINGLE 51.07902745284 -114.13068057623 1120.3394 -16.6000 WGS84 1.3184 1.1287 2.5092 "" 0.000 0.000 29 26 26 23 00 06 35 37
SINGLE 51.07902380755 -114.13067125236 1121.0085 -16.6000 WGS84 1.3000 1.0982 2.4797 "" 0.000 0.000 30 27 27 23 00 06 35 37
SINGLE 51.07902516354 -114.13067068532 1121.1526 -16.6000 WGS84 1.2973 1.0936 2.4754 "" 0.000 0.000 30 27 27 24 00 06 35 37
SINGLE 51.07903087863 -114.13067875666 1120.1978 -16.6000 WGS84 1.3166 1.1268 2.5073 "" 0.000 0.000 29 26 26 23 00 06 35 37
SINGLE 51.07902690326 -114.13066875741 1120.8870 -16.6000 WGS84 1.2975 1.0957 2.4771 "" 0.000 0.000 29 26 26 25 00 06 35 37
SINGLE 51.07902796318 -114.13066907670 1120.7362 -16.6000 WGS84 1.2955 1.0934 2.4744 "" 0.000 0.000 30 27 27 24 00 06 35 37
SINGLE 51.07902954601 -114.13066953606 1120.5105 -16.6000 WGS84 1.2908 1.0861 2.4668 "" 0.000 0.000 30 27 27 24 00 06 35 37
SINGLE 51.07903089604 -114.13066992277 1120.5687 -16.6000 WGS84 1.2892 1.0846 2.4638 "" 0.000 0.000 30 27 27 24 00 06 35 37
SINGLE 51.07903266031 -114.13067046680 1120.5312 -16.6000 WGS84 1.2896 1.0854 2.4643 "" 0.000 0.000 30 27 27 25 00 06 35 37
SINGLE 51.07903405137 -114.13067043856 1120.4777 -16.6000 WGS84 1.2905 1.0867 2.4659 "" 0.000 0.000 30 27 27 24 00 06 35 37
SINGLE 51.07903561659 -114.13067117085 1120.8625 -16.6000 WGS84 1.2942 1.0939 2.4711 "" 0.000 0.000 29 26 26 25 00 06 35 37
SINGLE 51.07903756909 -114.13067278894 1120.8814 -16.6000 WGS84 1.2861 1.0797 2.4560 "" 0.000 0.000 30 27 27 26 00 06 35 37
SINGLE 51.07903843658 -114.13067268911 1120.8726 -16.6000 WGS84 1.2859 1.0791 2.4558 "" 0.000 0.000 30 27 27 26 00 06 35 37
SINGLE 51.07903992921 -114.13067339199 1120.8129 -16.6000 WGS84 1.2861 1.0798 2.4564 "" 0.000 0.000 30 27 27 27 00 06 35 37
SINGLE 51.07904510859 -114.13067907582 1120.1284 -16.6000 WGS84 1.3859 1.1653 2.5951 "" 0.000 0.000 31 28 28 27 00 06 35 33
SINGLE 51.07904523401 -114.13067833702 1119.7745 -16.6000 WGS84 1.3851 1.1637 2.5937 "" 0.000 0.000 31 28 28 27 00 06 35 33
SINGLE 51.07904231321 -114.13067289301 1120.5144 -16.6000 WGS84 1.2841 1.0758 2.4533 "" 0.000 0.000 31 28 28 27 00 06 35 37
SINGLE 51.07902454425 -114.13064030536 1115.6008 -16.6000 WGS84 1.2948 1.0915 2.4840 "" 0.000 0.000 31 28 28 27 00 06 35 37
SINGLE 51.07904498477 -114.13068234406 1120.5241 -16.6000 WGS84 1.3899 1.1650 2.6121 "" 0.000 0.000 32 29 29 28 00 06 35 37
SINGLE 51.07904893479 -114.13067674710 1119.3422 -16.6000 WGS84 1.3797 1.1626 2.5878 "" 0.000 0.000 31 28 28 27 00 06 35 33
SINGLE 51.07904934205 -114.13067752374 1119.4891 -16.6000 WGS84 1.3795 1.1619 2.5876 "" 0.000 0.000 31 28 28 28 00 06 35 33
SINGLE 51.07905024509 -114.13067711030 1119.5278 -16.6000 WGS84 1.3804 1.1627 2.5893 "" 0.000 0.000 31 28 28 28 00 06 35 33
SINGLE 51.07904973254 -114.13067517685 1119.5526 -16.6000 WGS84 1.3780 1.1479 2.5918 "" 0.000 0.000 31 28 28 28 00 06 35 33
SINGLE 51.07904574985 -114.13066724112 1120.3170 -16.6000 WGS84 1.2682 1.0315 2.4510 "" 0.000 0.000 31 28 28 28 00 06 35 37
SINGLE 51.07904040110 -114.13066851874 1121.0220 -16.6000 WGS84 1.3432 1.0486 2.5468 "" 0.000 0.000 30 27 27 27 00 06 35 33
SINGLE 51.07904605697 -114.13066536745 1120.2468 -16.6000 WGS84 1.2686 1.0310 2.4491 "" 0.000 0.000 31 28 28 27 00 06 35 33
SINGLE 51.07904576477 -114.13066431716 1120.2529 -16.6000 WGS84 1.2652 1.0278 2.4464 "" 0.000 0.000 31 28 28 28 00 06 35 33
SINGLE 51.07903472612 -114.13064312962 1116.2597 -16.6000 WGS84 1.3238 1.0886 2.5706 "" 0.000 0.000 31 28 28 28 00 06 35 37
SINGLE 51.07904623465 -114.13066137331 1120.2502 -16.6000 WGS84 1.2792 1.0389 2.4688 "" 0.000 0.000 31 28 28 28 00 06 35 37
SINGLE 51.07903448877 -114.13064558957 1117.9061 -16.6000 WGS84 1.3138 1.0616 2.5333 "" 0.000 0.000 31 28 28 28 00 06 35 37
SINGLE 51.07904899460 -114.13066126266 1120.1434 -16.6000 WGS84 1.2811 1.0443 2.4802 "" 0.000 0.000 31 28 28 28 00 06 35 37
SINGLE 51.07905000855 -114.13065993686 1119.8764 -16.6000 WGS84 1.2797 1.0435 2.4789 "" 0.000 0.000 31 28 28 28 00 06 35 37
SINGLE 51.07904187484 -114.13064247797 1116.8393 -16.6000 WGS84 1.2965 1.0649 2.5255 "" 0.000 0.000 31 28 28 28 00 06 35 37
SINGLE 51.07905321622 -114.13066067756 1119.3891 -16.6000 WGS84 1.2931 1.0542 2.4998 "" 0.000 0.000 31 28 28 28 00 06 35 37
SINGLE 51.07905391804 -114.13065965284 1119.4649 -16.6000 WGS84 1.2813 1.0457 2.4823 "" 0.000 0.000 31 28 28 28 00 06 35 37
SINGLE 51.07905424461 -114.13065773364 1119.2484 -16.6000 WGS84 1.2815 1.0459 2.4826 "" 0.000 0.000 31 28 28 28 00 06 35 37
SINGLE 51.07905513900 -114.13065700160 1119.2224 -16.6000 WGS84 1.2798 1.0452 2.4807 "" 0.000 0.000 31 28 28 28 00 06 35 37
SINGLE 51.07905490164 -114.13065500206 1119.0986 -16.6000 WGS84 1.2765 1.0431 2.4741 "" 0.000 0.000 31 28 28 28 00 06 35 37
SINGLE 51.07905518881 -114.13065353305 1119.2030 -16.6000 WGS84 1.2707 1.0394 2.4665 "" 0.000 0.000 31 28 28 28 00 06 35 37
SINGLE 51.07905570775 -114.13065214502 1119.0032 -16.6000 WGS84 1.2736 1.0422 2.4720 "" 0.000 0.000 31 28 28 28 00 06 35 37
SINGLE 51.07905623800 -114.13065141488 1119.0629 -16.6000 WGS84 1.2732 1.0424 2.4726 "" 0.000 0.000 32 28 28 28 00 06 35 37
SINGLE 51.07905754751 -114.13065511770 1119.3913 -16.6000 WGS84 1.2731 1.0754 2.4860 "" 0.000 0.000 31 28 28 27 00 06 35 37
SINGLE 51.07906187033 -114.13065917681 1118.7953 -16.6000 WGS84 1.3023 1.0973 2.5261 "" 0.000 0.000 31 28 28 28 00 06 35 37
SINGLE 51.07906169001 -114.13065642982 1118.6370 -16.6000 WGS84 1.2890 1.0540 2.4941 "" 0.000 0.000 32 28 28 28 00 06 35 37
SINGLE 51.07905382610 -114.13063960220 1115.8716 -16.6000 WGS84 1.2960 1.1033 2.5384 "" 0.000 0.000 32 28 28 28 00 06 35 37
SINGLE 51.07906717363 -114.13066085916 1117.6375 -16.6000 WGS84 1.2977 1.0937 2.5179 "" 0.000 0.000 33 29 29 28 00 06 35 37
SINGLE 51.07906776242 -114.13066809187 1117.6828 -16.6000 WGS84 1.3662 1.1003 2.6193 "" 0.000 0.000 31 28 28 27 00 06 35 37
SINGLE 51.07906765958 -114.13066212654 1117.8522 -16.6000 WGS84 1.2975 1.0935 2.5183 "" 0.000 0.000 32 29 29 28 00 06 35 37
SINGLE 51.07907013312 -114.13066371122 1117.5852 -16.6000 WGS84 1.3041 1.1008 2.5284 "" 0.000 0.000 33 29 29 28 00 06 35 37
SINGLE 51.07907057974 -114.13066294758 1117.6540 -16.6000 WGS84 1.2701 1.0746 2.4814 "" 0.000 0.000 34 30 30 28 00 06 35 37
SINGLE 51.07907159407 -114.13066662085 1117.8924 -16.6000 WGS84 1.2701 1.0439 2.4714 "" 0.000 0.000 33 29 29 28 00 06 35 37
SINGLE 51.07907308300 -114.13066768587 1117.9787 -16.6000 WGS84 1.2729 1.0452 2.4751 "" 0.000 0.000 33 29 29 28 00 06 35 37
SINGLE 51.07907397882 -114.13066748009 1117.8557 -16.6000 WGS84 1.2647 1.0375 2.4618 "" 0.000 0.000 31 28 28 28 00 06 35 37
SINGLE 51.07907492226 -114.13066812785 1117.8519 -16.6000 WGS84 1.2983 1.0877 2.5346 "" 0.000 0.000 33 29 29 28 00 06 35 37
SINGLE 51.07907807810 -114.13067029233 1117.4385 -16.6000 WGS84 1.2631 1.0566 2.4727 "" 0.000 0.000 33 29 29 28 00 06 35 37
SINGLE 51.07907795174 -114.13067114547 1117.0219 -16.6000 WGS84 1.2764 1.0998 2.5162 "" 0.000 0.000 31 27 27 27 00 06 35 37
SINGLE 51.07908213582 -114.13066681666 1117.5505 -16.6000 WGS84 1.2627 1.0486 2.4546 "" 0.000 0.000 32 29 29 28 00 06 35 37
SINGLE 51.07908341104 -114.13066623969 1117.4432 -16.6000 WGS84 1.2574 1.0387 2.4536 "" 0.000 0.000 32 29 29 28 00 06 35 37
SINGLE 51.07908414252 -114.13066511589 1117.3289 -16.6000 WGS84 1.2583 1.0363 2.4534 "" 0.000 0.000 31 28 28 28 00 06 35 37
SINGLE 51.07908536923 -114.13066459291 1117.3080 -16.6000 WGS84 1.2637 1.0382 2.4602 "" 0.000 0.000 31 28 28 28 00 06 35 37
SINGLE 51.07908265919 -114.13066638178 1117.1126 -16.6000 WGS84 1.3041 1.1376 2.5845 "" 0.000 0.000 30 27 27 27 00 06 35 37
SINGLE 51.07908375480 -114.13066577546 1117.0619 -16.6000 WGS84 1.3042 1.1381 2.5848 "" 0.000 0.000 30 27 27 27 00 06 35 37
SINGLE 51.07908481058 -114.13066520616 1116.9959 -16.6000 WGS84 1.3041 1.1389 2.5845 "" 0.000 0.000 30 27 27 27 00 06 35 37
SINGLE 51.07908608890 -114.13066499069 1116.9306 -16.6000 WGS84 1.3042 1.1402 2.5843 "" 0.000 0.000 30 27 27 27 00 06 35 37
SINGLE 51.07908707955 -114.13066421531 1116.9135 -16.6000 WGS84 1.3096 1.1575 2.5841 "" 0.000 0.000 29 26 26 24 00 06 35 37
SINGLE 51.07908797028 -114.13066391797 1116.9124 -16.6000 WGS84 1.3090 1.1590 2.5845 "" 0.000 0.000 29 26 26 24 00 06 35 37
SINGLE 51.07908908710 -114.13066377659 1116.8536 -16.6000 WGS84 1.3085 1.1557 2.5834 "" 0.000 0.000 29 26 26 24 00 06 35 37
SINGLE 51.07909000717 -114.13066350324 1116.8463 -16.6000 WGS84 1.3065 1.1521 2.5802 "" 0.000 0.000 31 28 28 25 00 06 35 37
SINGLE 51.07909107229 -114.13066318887 1116.8556 -16.6000 WGS84 1.3061 1.1509 2.5758 "" 0.000 0.000 31 29 29 24 00 06 35 37
SINGLE 51.07909182752 -114.13066299330 1116.7517 -16.6000 WGS84 1.3091 1.1530 2.5822 "" 0.000 0.000 30 27 27 25 00 06 35 37
SINGLE 51.07909525283 -114.13066639001 1116.1770 -16.6000 WGS84 1.3577 1.2195 2.6968 "" 0.000 0.000 30 26 26 25 00 06 35 37
SINGLE 51.07909394358 -114.13066184518 1116.7317 -16.6000 WGS84 1.3085 1.1499 2.5808 "" 0.000 0.000 32 28 28 26 00 06 35 37
SINGLE 51.07909503005 -114.13066145979 1116.7021 -16.6000 WGS84 1.3080 1.1499 2.5799 "" 0.000 0.000 32 28 28 26 00 06 35 37
SINGLE 51.07908564120 -114.13064262059 1113.9553 -16.6000 WGS84 1.3357 1.1894 2.6598 "" 0.000 0.000 32 28 28 25 00 06 35 37
SINGLE 51.07909686394 -114.13065999500 1116.5688 -16.6000 WGS84 1.3077 1.1504 2.5802 "" 0.000 0.000 32 28 28 26 00 06 35 37
SINGLE 51.07909763865 -114.13065895671 1116.5210 -16.6000 WGS84 1.3083 1.1506 2.5805 "" 0.000 0.000 32 28 28 26 00 06 35 37
SINGLE 51.07909778773 -114.13065719877 1116.6957 -16.6000 WGS84 1.3132 1.1611 2.5982 "" 0.000 0.000 31 27 27 26 00 06 35 37
SINGLE 51.07909872038 -114.13065775602 1116.5011 -16.6000 WGS84 1.3085 1.1505 2.5805 "" 0.000 0.000 32 28 28 26 00 06 35 37
SINGLE 51.07909960113 -114.13065788142 1116.5343 -16.6000 WGS84 1.3080 1.1498 2.5796 "" 0.000 0.000 32 28 28 27 00 06 35 37
SINGLE 51.07910063878 -114.13065740031 1116.4619 -16.6000 WGS84 1.3054 1.1482 2.5757 "" 0.000 0.000 34 30 30 26 00 06 35 37
SINGLE 51.07909806588 -114.13065144313 1113.8883 -16.6000 WGS84 1.3868 1.2655 2.7788 "" 0.000 0.000 30 26 26 24 00 06 35 33
SINGLE 51.07910076966 -114.13064961213 1117.2349 -16.6000 WGS84 1.3119 1.1044 2.5317 "" 0.000 0.000 32 28 28 26 00 06 35 37
SINGLE 51.07910151380 -114.13064854256 1117.4140 -16.6000 WGS84 1.3112 1.0963 2.5214 "" 0.000 0.000 32 28 28 25 00 06 35 37
SINGLE 51.07910243592 -114.13064868056 1117.3296 -16.6000 WGS84 1.3127 1.0979 2.5236 "" 0.000 0.000 32 27 27 26 00 06 35 37
SINGLE 51.07910503742 -114.13065025701 1117.0426 -16.6000 WGS84 1.3574 1.1362 2.5955 "" 0.000 0.000 31 28 28 24 00 06 35 33
SINGLE 51.07910285094 -114.13064494868 1117.6831 -16.6000 WGS84 1.3192 1.0916 2.5144 "" 0.000 0.000 30 27 27 25 00 06 35 37
SINGLE 51.07910470095 -114.13064702537 1117.3969 -16.6000 WGS84 1.3240 1.1171 2.5481 "" 0.000 0.000 30 27 27 25 00 06 35 37
SINGLE 51.07911115923 -114.13066044497 1115.7360 -16.6000 WGS84 1.4232 1.2802 2.8100 "" 0.000 0.000 31 27 27 25 00 06 35 37
SINGLE 51.07911031085 -114.13065238954 1116.8653 -16.6000 WGS84 1.3934 1.1699 2.6472 "" 0.000 0.000 32 28 28 24 00 06 35 33
SINGLE 51.07911106224 -114.13065230825 1116.8581 -16.6000 WGS84 1.3922 1.1694 2.6459 "" 0.000 0.000 33 28 28 24 00 06 35 33
SINGLE 51.07911265059 -114.13064886803 1117.1928 -16.6000 WGS84 1.3863 1.1244 2.5912 "" 0.000 0.000 33 28 28 27 00 06 35 37
SINGLE 51.07911302543 -114.13064720679 1117.3514 -16.6000 WGS84 1.3813 1.1053 2.5656 "" 0.000 0.000 33 28 28 27 00 06 35 37
SINGLE 51.07911249043 -114.13064559823 1117.4669 -16.6000 WGS84 1.3327 1.0681 2.4965 "" 0.000 0.000 32 28 28 26 00 06 35 37
SINGLE 51.07911329082 -114.13064458389 1117.6383 -16.6000 WGS84 1.3740 1.0806 2.5306 "" 0.000 0.000 33 28 28 25 00 06 35 37
SINGLE 51.07911341991 -114.13064461978 1117.6377 -16.6000 WGS84 1.3281 1.0543 2.4780 "" 0.000 0.000 33 28 28 26 00 06 35 37
SINGLE 51.07911668259 -114.13065235158 1116.6628 -16.6000 WGS84 1.3423 1.1276 2.5786 "" 0.000 0.000 32 27 27 26 00 06 35 37
SINGLE 51.07911748776 -114.13065258460 1116.5687 -16.6000 WGS84 1.3422 1.1286 2.5798 "" 0.000 0.000 31 26 26 26 00 06 35 37
SINGLE 51.07912019975 -114.13065489184 1116.1708 -16.6000 WGS84 1.3881 1.1624 2.6535 "" 0.000 0.000 31 26 26 26 00 06 35 33
SINGLE 51.07911931788 -114.13065236927 1116.5117 -16.6000 WGS84 1.3266 1.1034 2.5484 "" 0.000 0.000 31 27 27 27 00 06 35 37
SINGLE 51.07912023406 -114.13065285170 1116.2971 -16.6000 WGS84 1.3259 1.1045 2.5495 "" 0.000 0.000 32 27 27 27 00 06 35 37
SINGLE 51.07912117403 -114.13065246769 1116.2665 -16.6000 WGS84 1.3279 1.1104 2.5565 "" 0.000 0.000 32 27 27 27 00 06 35 37
SINGLE 51.07912222526 -114.13065232844 1116.1219 -16.6000 WGS84 1.3271 1.1094 2.5549 "" 0.000 0.000 32 27 27 26 00 06 35 37
SINGLE 51.07912368846 -114.13065278974 1116.0079 -16.6000 WGS84 1.3404 1.1284 2.5789 "" 0.000 0.000 31 26 26 26 00 06 35 37
SINGLE 51.07912443492 -114.13065244933 1115.9105 -16.6000 WGS84 1.3402 1.1252 2.5751 "" 0.000 0.000 31 27 27 26 00 06 35 37
SINGLE 51.07912711033 -114.13065463293 1115.5718 -16.6000 WGS84 1.4025 1.1809 2.6763 "" 0.000 0.000 32 27 27 26 00 06 35 37
SINGLE 51.07912789669 -114.13065385748 1115.5193 -16.6000 WGS84 1.3851 1.1492 2.6345 "" 0.000 0.000 34 29 29 27 00 06 35 37
SINGLE 51.07912140378 -114.13064092596 1113.7810 -16.6000 WGS84 1.3976 1.1618 2.6547 "" 0.000 0.000 34 29 29 27 00 06 35 37
SINGLE 51.07913095031 -114.13065438884 1115.2282 -16.6000 WGS84 1.4027 1.1706 2.6629 "" 0.000 0.000 33 28 28 26 00 06 35 37
SINGLE 51.07913010367 -114.13065102234 1115.6517 -16.6000 WGS84 1.3410 1.1138 2.5617 "" 0.000 0.000 32 27 27 26 00 06 35 37
SINGLE 51.07913148250 -114.13065076696 1115.6807 -16.6000 WGS84 1.3406 1.1126 2.5599 "" 0.000 0.000 32 27 27 26 00 06 35 37
SINGLE 51.07913248279 -114.13065017788 1115.6355 -16.6000 WGS84 1.3393 1.1119 2.5593 "" 0.000 0.000 32 27 27 26 00 06 35 37
SINGLE 51.07913379177 -114.13065008399 1115.6419 -16.6000 WGS84 1.3398 1.1130 2.5608 "" 0.000 0.000 32 27 27 26 00 06 35 37
SINGLE 51.07913484171 -114.13064950257 1115.6500 -16.6000 WGS84 1.3383 1.1080 2.5510 "" 0.000 0.000 32 28 28 26 00 06 35 37
SINGLE 51.07913574726 -114.13064862917 1115.6909 -16.6000 WGS84 1.3171 1.0292 2.4438 "" 0.000 0.000 32 28 28 26 00 06 35 37
SINGLE 51.07913686644 -114.13064871636 1115.7425 -16.6000 WGS84 1.3204 1.0430 2.4622 "" 0.000 0.000 32 28 28 26 00 06 35 37
SINGLE 51.07913820148 -114.13064881260 1115.6857 -16.6000 WGS84 1.3184 1.0393 2.4574 "" 0.000 0.000 32 28 28 26 00 06 35 37
SINGLE 51.07913972619 -114.13064929860 1115.7250 -16.6000 WGS84 1.3166 1.0380 2.4559 "" 0.000 0.000 32 28 28 26 00 06 35 37
SINGLE 51.07914127587 -114.13064960275 1115.7305 -16.6000 WGS84 1.3145 1.0306 2.4485 "" 0.000 0.000 30 27 27 26 00 06 35 37
SINGLE 51.07914271436 -114.13064920757 1115.6717 -16.6000 WGS84 1.3128 1.0269 2.4439 "" 0.000 0.000 30 27 27 26 00 06 35 37
SINGLE 51.07914414524 -114.13064902431 1115.7272 -16.6000 WGS84 1.3124 1.0274 2.4448 "" 0.000 0.000 30 27 27 26 00 06 35 37
SINGLE 51.07914515913 -114.13064836978 1115.7380 -16.6000 WGS84 1.3095 1.0186 2.4332 "" 0.000 0.000 30 27 27 26 00 06 35 37
SINGLE 51.07914625582 -114.13064815269 1115.8149 -16.6000 WGS84 1.3098 1.0193 2.4343 "" 0.000 0.000 30 27 27 26 00 06 35 37
SINGLE 51.07914698896 -114.13064728334 1115.8398 -16.6000 WGS84 1.3074 1.0136 2.4268 "" 0.000 0.000 31 28 28 26 00 06 35 37
SINGLE 51.07914820591 -114.13064681373 1115.8872 -16.6000 WGS84 1.3077 1.0152 2.4287 "" 0.000 0.000 31 28 28 26 00 06 35 37
SINGLE 51.07914924619 -114.13064657803 1115.9433 -16.6000 WGS84 1.3076 1.0144 2.4276 "" 0.000 0.000 31 28 28 27 00 06 35 37
SINGLE 51.07915034126 -114.13064622957 1115.9569 -16.6000 WGS84 1.3071 1.0128 2.4255 "" 0.000 0.000 31 28 28 27 00 06 35 37
SINGLE 51.07915174957 -114.13064631324 1116.0012 -16.6000 WGS84 1.3042 1.0023 2.4105 "" 0.000 0.000 32 29 29 27 00 06 35 37
SINGLE 51.07915236032 -114.13064593362 1115.8619 -16.6000 WGS84 1.3043 1.0024 2.4106 "" 0.000 0.000 32 29 29 27 00 06 35 37
SINGLE 51.07915364143 -114.13064559624 1115.7874 -16.6000 WGS84 1.3041 1.0004 2.4089 "" 0.000 0.000 31 28 28 27 00 06 35 37
SINGLE 51.07915459992 -114.13064513890 1115.6747 -16.6000 WGS84 1.3051 1.0023 2.4112 "" 0.000 0.000 31 28 28 27 00 06 35 37
SINGLE 51.07915587089 -114.13064507744 1115.6295 -16.6000 WGS84 1.3050 0.9984 2.4057 "" 0.000 0.000 30 27 27 26 00 06 35 37
SINGLE 51.07915698420 -114.13064490774 1115.6331 -16.6000 WGS84 1.3044 0.9991 2.4069 "" 0.000 0.000 30 27 27 26 00 06 35 37
SINGLE 51.07915799159 -114.13064494166 1115.5073 -16.6000 WGS84 1.3021 0.9953 2.4020 "" 0.000 0.000 30 27 27 26 00 06 35 37
SINGLE 51.07915930039 -114.13064531242 1115.3994 -16.6000 WGS84 1.3023 0.9990 2.4071 "" 0.000 0.000 30 27 27 26 00 06 35 37
SINGLE 51.07916041709 -114.13064563057 1115.2180 -16.6000 WGS84 1.3468 1.0240 2.4561 "" 0.000 0.000 29 26 26 25 00 06 35 33
SINGLE 51.07916155019 -114.13064602733 1115.1330 -16.6000 WGS84 1.3469 1.0255 2.4584 "" 0.000 0.000 29 26 26 25 00 06 35 33
SINGLE 51.07916232792 -114.13064653636 1115.1453 -16.6000 WGS84 1.3445 1.0211 2.4522 "" 0.000 0.000 29 26 26 25 00 06 35 33
SINGLE 51.07916316402 -114.13064642229 1114.9201 -16.6000 WGS84 1.3391 1.0212 2.4489 "" 0.000 0.000 29 26 26 25 00 06 35 33
SINGLE 51.07916406606 -114.13064685385 1114.8649 -16.6000 WGS84 1.3381 1.0185 2.4453 "" 0.000 0.000 29 26 26 25 00 06 35 33
SINGLE 51.07916391580 -114.13064751149 1114.6685 -16.6000 WGS84 1.3654 1.0286 2.4587 "" 0.000 0.000 30 27 27 25 00 06 35 33
SINGLE 51.07916503149 -114.13064779262 1114.5984 -16.6000 WGS84 1.3653 1.0283 2.4584 "" 0.000 0.000 30 27 27 25 00 06 35 33
SINGLE 51.07917804269 -114.13064517277 1116.2439 -16.6000 WGS84 1.4025 1.0315 2.4950 "" 0.000 0.000 30 27 27 25 00 06 35 33
SINGLE 51.07916682648 -114.13064769533 1114.4171 -16.6000 WGS84 1.3642 1.0326 2.4636 "" 0.000 0.000 31 28 28 26 00 06 35 37
SINGLE 51.07916782268 -114.13064800084 1114.3784 -16.6000 WGS84 1.3634 1.0340 2.4632 "" 0.000 0.000 32 29 29 26 00 06 35 37
SINGLE 51.07916886089 -114.13064818809 1114.2609 -16.6000 WGS84 1.3632 1.0275 2.4551 "" 0.000 0.000 31 28 28 26 00 06 35 37
SINGLE 51.07916974179 -114.13064783172 1114.2331 -16.6000 WGS84 1.3751 1.0682 2.5109 "" 0.000 0.000 31 28 28 26 00 06 35 37
SINGLE 51.07918314912 -114.13064465376 1116.0791 -16.6000 WGS84 1.4082 1.0670 2.5414 "" 0.000 0.000 32 28 28 26 00 06 35 37
SINGLE 51.07917132719 -114.13064705634 1114.1902 -16.6000 WGS84 1.3654 1.0597 2.4997 "" 0.000 0.000 33 29 29 26 00 06 35 37
SINGLE 51.07917149215 -114.13064397063 1114.5847 -16.6000 WGS84 1.3329 1.0334 2.4677 "" 0.000 0.000 33 29 29 26 00 06 35 37
SINGLE 51.07917250962 -114.13064389971 1114.5674 -16.6000 WGS84 1.3330 1.0347 2.4695 "" 0.000 0.000 33 29 29 28 00 06 35 37
SINGLE 51.07918486513 -114.13064093243 1116.2612 -16.6000 WGS84 1.3496 1.0240 2.4821 "" 0.000 0.000 32 28 28 28 00 06 35 37
SINGLE 51.07918604685 -114.13064072780 1116.2628 -16.6000 WGS84 1.3069 0.9959 2.4315 "" 0.000 0.000 32 28 28 28 00 06 35 37
SINGLE 51.07917569904 -114.13064377314 1114.3529 -16.6000 WGS84 1.2743 0.9943 2.3972 "" 0.000 0.000 31 28 28 27 00 06 35 37
SINGLE 51.07918891254 -114.13064144243 1116.2258 -16.6000 WGS84 1.3026 0.9952 2.4282 "" 0.000 0.000 32 28 28 27 00 06 35 37
SINGLE 51.07917846368 -114.13064482831 1114.2580 -16.6000 WGS84 1.2706 0.9908 2.3932 "" 0.000 0.000 32 28 28 28 00 06 35 37
SINGLE 51.07917987937 -114.13064496466 1114.3027 -16.6000 WGS84 1.2743 0.9904 2.3967 "" 0.000 0.000 32 28 28 27 00 06 35 37
SINGLE 51.07919218017 -114.13064054853 1116.3673 -16.6000 WGS84 1.3103 1.0566 2.5091 "" 0.000 0.000 31 27 27 26 00 06 35 37
SINGLE 51.07919342770 -114.13064187422 1116.0986 -16.6000 WGS84 1.2967 0.9912 2.4218 "" 0.000 0.000 31 28 28 27 00 06 35 37
SINGLE 51.07919459184 -114.13064251041 1116.0691 -16.6000 WGS84 1.2927 0.9725 2.3975 "" 0.000 0.000 31 28 28 28 00 06 35 37
SINGLE 51.07919583648 -114.13064317637 1116.0676 -16.6000 WGS84 1.2935 0.9700 2.3946 "" 0.000 0.000 31 28 28 28 00 06 35 37
SINGLE 51.07919746749 -114.13064409637 1115.9253 -16.6000 WGS84 1.3015 0.9876 2.4145 "" 0.000 0.000 30 27 27 27 00 06 35 37
SINGLE 51.07919807783 -114.13064331003 1115.9907 -16.6000 WGS84 1.2880 0.9685 2.3918 "" 0.000 0.000 31 28 28 27 00 06 35 37
SINGLE 51.07918652193 -114.13064582540 1114.0298 -16.6000 WGS84 1.2610 0.9682 2.3670 "" 0.000 0.000 32 29 29 27 00 06 35 37
SINGLE 51.07918711235 -114.13064499567 1114.0058 -16.6000 WGS84 1.2617 0.9769 2.3776 "" 0.000 0.000 32 29 29 29 00 06 35 37
SINGLE 51.07918843339 -114.13064523398 1114.0037 -16.6000 WGS84 1.2606 0.9734 2.3729 "" 0.000 0.000 32 29 29 29 00 06 35 37
SINGLE 51.07918950748 -114.13064489703 1114.1016 -16.6000 WGS84 1.2597 0.9748 2.3731 "" 0.000 0.000 32 29 29 28 00 06 35 37
SINGLE 51.07919067451 -114.13064492931 1114.0180 -16.6000 WGS84 1.2589 0.9736 2.3713 "" 0.000 0.000 32 29 29 28 00 06 35 37
SINGLE 51.07919174032 -114.13064518175 1114.0053 -16.6000 WGS84 1.2562 0.9683 2.3646 "" 0.000 0.000 32 29 29 28 00 06 35 37
SINGLE 51.07919321865 -114.13064624055 1113.8970 -16.6000 WGS84 1.2557 0.9713 2.3671 "" 0.000 0.000 32 29 29 28 00 06 35 37
SINGLE 51.07919351091 -114.13064550010 1113.9079 -16.6000 WGS84 1.2549 0.9723 2.3684 "" 0.000 0.000 32 29 29 28 00 06 35 37
SINGLE 51.07919440593 -114.13064569171 1113.8955 -16.6000 WGS84 1.2543 0.9720 2.3674 "" 0.000 0.000 32 29 29 28 00 06 35 37
SINGLE 51.07919538921 -114.13064586173 1113.8917 -16.6000 WGS84 1.2536 0.9720 2.3670 "" 0.000 0.000 32 29 29 28 00 06 35 37
SINGLE 51.07919657085 -114.13064635746 1113.7993 -16.6000 WGS84 1.2525 0.9701 2.3644 "" 0.000 0.000 32 29 29 27 00 06 35 37
SINGLE 51.07919782137 -114.13064651859 1113.7680 -16.6000 WGS84 1.2509 0.9660 2.3592 "" 0.000 0.000 32 29 29 27 00 06 35 37
SINGLE 51.07919919010 -114.13064674887 1113.7471 -16.6000 WGS84 1.2513 0.9676 2.3608 "" 0.000 0.000 32 29 29 27 00 06 35 37
SINGLE 51.07919999636 -114.13064655110 1113.6994 -16.6000 WGS84 1.2499 0.9620 2.3534 "" 0.000 0.000 31 29 29 27 00 06 35 37
SINGLE 51.07920111968 -114.13064659800 1113.7398 -16.6000 WGS84 1.2492 0.9617 2.3531 "" 0.000 0.000 31 29 29 27 00 06 35 37
SINGLE 51.07920165811 -114.13064483577 1113.9564 -16.6000 WGS84 1.2586 1.0372 2.4405 "" 0.000 0.000 31 28 28 27 00 06 35 37
SINGLE 51.07920340813 -114.13064662339 1113.7038 -16.6000 WGS84 1.2434 0.9618 2.3440 "" 0.000 0.000 32 29 29 27 00 06 35 37
SINGLE 51.07920428366 -114.13064641411 1113.6734 -16.6000 WGS84 1.2453 0.9747 2.3568 "" 0.000 0.000 32 29 29 28 00 06 35 37
SINGLE 51.07920649836 -114.13064799650 1113.5680 -16.6000 WGS84 1.2601 1.0002 2.3820 "" 0.000 0.000 31 28 28 27 00 06 35 37
SINGLE 51.07920647542 -114.13064622827 1113.7811 -16.6000 WGS84 1.2476 0.9884 2.3732 "" 0.000 0.000 32 29 29 27 00 06 35 37
SINGLE 51.07920702229 -114.13064473028 1113.9121 -16.6000 WGS84 1.2580 1.0412 2.4394 "" 0.000 0.000 31 28 28 28 00 06 35 37
SINGLE 51.07920809289 -114.13064447079 1113.9283 -16.6000 WGS84 1.2570 1.0399 2.4382 "" 0.000 0.000 31 28 28 28 00 06 35 37
SINGLE 51.07920986877 -114.13064632095 1113.7162 -16.6000 WGS84 1.2434 0.9785 2.3613 "" 0.000 0.000 32 29 29 28 00 06 35 37
SINGLE 51.07921108327 -114.13064610316 1113.7169 -16.6000 WGS84 1.2415 0.9736 2.3550 "" 0.000 0.000 32 29 29 28 00 06 35 37
SINGLE 51.07921168842 -114.13064414538 1113.9967 -16.6000 WGS84 1.2539 1.0370 2.4343 "" 0.000 0.000 31 28 28 28 00 06 35 37
SINGLE 51.07921327039 -114.13064542074 1113.7944 -16.6000 WGS84 1.2402 0.9698 2.3501 "" 0.000 0.000 32 29 29 28 00 06 35 37
SINGLE 51.07921391425 -114.13064435584 1113.9498 -16.6000 WGS84 1.2530 1.0365 2.4333 "" 0.000 0.000 31 28 28 28 00 06 35 37
SINGLE 51.07921500605 -114.13064425821 1113.9692 -16.6000 WGS84 1.2372 0.9605 2.3384 "" 0.000 0.000 32 29 29 28 00 06 35 37
SINGLE 51.07921627860 -114.13064448165 1113.9523 -16.6000 WGS84 1.2368 0.9595 2.3370 "" 0.000 0.000 32 29 29 28 00 06 35 37
SINGLE 51.07921732788 -114.13064451404 1114.0253 -16.6000 WGS84 1.2352 0.9554 2.3316 "" 0.000 0.000 32 29 29 28 00 06 35 37
SINGLE 51.07921890722 -114.13064627842 1113.8158 -16.6000 WGS84 1.2346 0.9541 2.3300 "" 0.000 0.000 32 29 29 28 00 06 35 37
SINGLE 51.07922018231 -114.13064722358 1113.7368 -16.6000 WGS84 1.2353 0.9616 2.3387 "" 0.000 0.000 32 29 29 28 00 06 35 37
SINGLE 51.07922044600 -114.13064485814 1113.9583 -16.6000 WGS84 1.2641 1.0797 2.4305 "" 0.000 0.000 31 28 28 27 00 06 35 37
SINGLE 51.07922164293 -114.13064489721 1113.8945 -16.6000 WGS84 1.2478 1.0320 2.4248 "" 0.000 0.000 32 29 29 28 00 06 35 37
SINGLE 51.07922307383 -114.13064513039 1113.8158 -16.6000 WGS84 1.2487 1.0339 2.4285 "" 0.000 0.000 31 28 28 28 00 06 35 37
SINGLE 51.07922497973 -114.13064599412 1113.7158 -16.6000 WGS84 1.2254 1.0138 2.3945 "" 0.000 0.000 32 29 29 28 00 06 35 33
SINGLE 51.07922616347 -114.13064590534 1113.6842 -16.6000 WGS84 1.2251 1.0134 2.3942 "" 0.000 0.000 32 29 29 28 00 06 35 33
SINGLE 51.07922761409 -114.13064607317 1113.6858 -16.6000 WGS84 1.2245 1.0128 2.3936 "" 0.000 0.000 32 29 29 28 00 06 35 33
SINGLE 51.07922902711 -114.13064624093 1113.6431 -16.6000 WGS84 1.2241 1.0129 2.3935 "" 0.000 0.000 32 29 29 28 00 06 35 33
SINGLE 51.07923054090 -114.13064647912 1113.6115 -16.6000 WGS84 1.2236 1.0123 2.3928 "" 0.000 0.000 32 29 29 28 00 06 35 33
SINGLE 51.07923186542 -114.13064692287 1113.6546 -16.6000 WGS84 1.2234 1.0120 2.3927 "" 0.000 0.000 32 29 29 28 00 06 35 33
SINGLE 51.07923298180 -114.13064710883 1113.5915 -16.6000 WGS84 1.2232 1.0118 2.3922 "" 0.000 0.000 32 29 29 28 00 06 35 33
SINGLE 51.07923361307 -114.13064651136 1113.4023 -16.6000 WGS84 1.2334 1.0263 2.4276 "" 0.000 0.000 32 29 29 28 00 06 35 33
SINGLE 51.07923546332 -114.13064807932 1113.5513 -16.6000 WGS84 1.2221 1.0113 2.3913 "" 0.000 0.000 32 29 29 28 00 06 35 33
SINGLE 51.07923751234 -114.13064967001 1113.3776 -16.6000 WGS84 1.2164 1.0028 2.3828 "" 0.000 0.000 33 29 29 28 00 06 35 33
SINGLE 51.07923898713 -114.13065019422 1113.3556 -16.6000 WGS84 1.2148 1.0023 2.3809 "" 0.000 0.000 33 29 29 28 00 06 35 33
SINGLE 51.07924015067 -114.13065052666 1113.3863 -16.6000 WGS84 1.2146 1.0022 2.3806 "" 0.000 0.000 33 29 29 28 00 06 35 33
SINGLE 51.07924147518 -114.13065099340 1113.4060 -16.6000 WGS84 1.2144 1.0022 2.3802 "" 0.000 0.000 32 29 29 28 00 06 35 33
SINGLE 51.07924265213 -114.13065153883 1113.4236 -16.6000 WGS84 1.2138 1.0016 2.3794 "" 0.000 0.000 32 29 29 28 00 06 35 33
SINGLE 51.07924354073 -114.13065181031 1113.3486 -16.6000 WGS84 1.2158 1.0028 2.3803 "" 0.000 0.000 32 29 29 29 00 06 35 33
SINGLE 51.07924457031 -114.13065250312 1113.3428 -16.6000 WGS84 1.2154 1.0021 2.3795 "" 0.000 0.000 32 29 29 29 00 06 35 33
SINGLE 51.07924497124 -114.13065282401 1113.2232 -16.6000 WGS84 1.2202 1.0041 2.3875 "" 0.000 0.000 31 28 28 28 00 06 35 33
SINGLE 51.07924622109 -114.13065299108 1113.3184 -16.6000 WGS84 1.2254 1.0453 2.3834 "" 0.000 0.000 32 29 29 29 00 06 35 33
SINGLE 51.07924709581 -114.13065331396 1113.2893 -16.6000 WGS84 1.2227 1.0426 2.3806 "" 0.000 0.000 32 29 29 29 00 06 35 33
SINGLE 51.07924750124 -114.13065257075 1113.4383 -16.6000 WGS84 1.2219 1.0407 2.3775 "" 0.000 0.000 33 30 30 29 00 06 35 33
SINGLE 51.07924891112 -114.13065382428 1113.1343 -16.6000 WGS84 1.2324 1.0448 2.3904 "" 0.000 0.000 31 28 28 28 00 06 35 33
SINGLE 51.07924923161 -114.13065308375 1113.2482 -16.6000 WGS84 1.2294 1.0406 2.3850 "" 0.000 0.000 32 29 29 28 00 06 35 33
SINGLE 51.07925154074 -114.13065371821 1113.3846 -16.6000 WGS84 1.2208 1.0401 2.3762 "" 0.000 0.000 33 30 30 29 00 06 35 33
SINGLE 51.07925271424 -114.13065437701 1113.3899 -16.6000 WGS84 1.2207 1.0401 2.3761 "" 0.000 0.000 33 30 30 29 00 06 35 33
SINGLE 51.07925435491 -114.13065635925 1113.1990 -16.6000 WGS84 1.2212 1.0416 2.3788 "" 0.000 0.000 33 29 29 29 00 06 35 33
SINGLE 51.07925528212 -114.13065679354 1113.1470 -16.6000 WGS84 1.2182 1.0318 2.3781 "" 0.000 0.000 33 29 29 29 00 06 35 33
SINGLE 51.07925640686 -114.13065721516 1113.1410 -16.6000 WGS84 1.2086 1.0023 2.3749 "" 0.000 0.000 32 29 29 29 00 06 35 33
SINGLE 51.07925743465 -114.13065813239 1113.1674 -16.6000 WGS84 1.2083 1.0029 2.3745 "" 0.000 0.000 33 29 29 29 00 06 35 33
SINGLE 51.07925829231 -114.13065894668 1113.1713 -16.6000 WGS84 1.2082 1.0036 2.3741 "" 0.000 0.000 33 29 29 28 00 06 35 33
SINGLE 51.07925928935 -114.13065978981 1113.1838 -16.6000 WGS84 1.2080 1.0028 2.3740 "" 0.000 0.000 33 29 29 29 00 06 35 33
SINGLE 51.07926099337 -114.13065963348 1113.2438 -16.6000 WGS84 1.2103 1.0038 2.3743 "" 0.000 0.000 32 29 29 29 00 06 35 33
SINGLE 51.07926182606 -114.13066064271 1113.1802 -16.6000 WGS84 1.2066 1.0006 2.3715 "" 0.000 0.000 32 29 29 29 00 06 35 33
SINGLE 51.07926297649 -114.13066114278 1113.1592 -16.6000 WGS84 1.2060 0.9994 2.3709 "" 0.000 0.000 32 29 29 29 00 06 35 33
SINGLE 51.07926423812 -114.13066190317 1113.1705 -16.6000 WGS84 1.2056 0.9984 2.3705 "" 0.000 0.000 32 29 29 29 00 06 35 33
SINGLE 51.07926421248 -114.13066239833 1113.0250 -16.6000 WGS84 1.2132 0.9979 2.3781 "" 0.000 0.000 31 28 28 28 00 06 35 33
SINGLE 51.07926615376 -114.13066320156 1113.1836 -16.6000 WGS84 1.2050 0.9968 2.3694 "" 0.000 0.000 32 29 29 29 00 06 35 33
SINGLE 51.07926722120 -114.13066358482 1113.1633 -16.6000 WGS84 1.2040 0.9965 2.3685 "" 0.000 0.000 32 29 29 29 00 06 35 33
SINGLE 51.07926844041 -114.13066462002 1113.1978 -16.6000 WGS84 1.2033 1.0272 2.3821 "" 0.000 0.000 32 29 29 29 00 06 35 33
SINGLE 51.07926960920 -114.13066532138 1113.1976 -16.6000 WGS84 1.2028 1.0267 2.3818 "" 0.000 0.000 32 29 29 29 00 06 35 33
SINGLE 51.07927087141 -114.13066601071 1113.2105 -16.6000 WGS84 1.2029 1.0261 2.3818 "" 0.000 0.000 32 29 29 29 00 06 35 33
SINGLE 51.07927199091 -114.13066654766 1113.1727 -16.6000 WGS84 1.2027 1.0257 2.3817 "" 0.000 0.000 32 29 29 29 00 06 35 33
SINGLE 51.07927341597 -114.13066702740 1113.1695 -16.6000 WGS84 1.2011 1.0253 2.3800 "" 0.000 0.000 32 29 29 29 00 06 35 33
SINGLE 51.07927487830 -114.13066738476 1113.1435 -16.6000 WGS84 1.2008 1.0251 2.3795 "" 0.000 0.000 32 29 29 29 00 06 35 33
SINGLE 51.07927621253 -114.13066771394 1113.0996 -16.6000 WGS84 1.2006 1.0247 2.3791 "" 0.000 0.000 32 29 29 29 00 06 35 33
SINGLE 51.07927750317 -114.13066837110 1113.1178 -16.6000 WGS84 1.2005 1.0244 2.3787 "" 0.000 0.000 32 29 29 29 00 06 35 33
SINGLE 51.07927871836 -114.13066902492 1113.1245 -16.6000 WGS84 1.2001 1.0164 2.3745 "" 0.000 0.000 32 29 29 29 00 06 35 33
SINGLE 51.07927979609 -114.13066943569 1113.1485 -16.6000 WGS84 1.1997 0.9968 2.3652 "" 0.000 0.000 32 29 29 29 00 06 35 33
SINGLE 51.07928087306 -114.13066975981 1113.1303 -16.6000 WGS84 1.1992 0.9979 2.3652 "" 0.000 0.000 32 29 29 29 00 06 35 33
SINGLE 51.07928191964 -114.13067030309 1113.1485 -16.6000 WGS84 1.1988 0.9981 2.3652 "" 0.000 0.000 33 29 29 29 00 06 35 33
SINGLE 51.07928280117 -114.13067086215 1113.2009 -16.6000 WGS84 1.1982 0.9994 2.3638 "" 0.000 0.000 34 30 30 29 00 06 35 33
SINGLE 51.07928270510 -114.13067069977 1113.0527 -16.6000 WGS84 1.2074 0.9974 2.3726 "" 0.000 0.000 33 29 29 28 00 06 35 33
SINGLE 51.07928370006 -114.13067124548 1113.0328 -16.6000 WGS84 1.2071 0.9973 2.3724 "" 0.000 0.000 32 29 29 28 00 06 35 33
SINGLE 51.07928569769 -114.13067181083 1113.1278 -16.6000 WGS84 1.1986 0.9924 2.3613 "" 0.000 0.000 34 30 30 29 00 06 35 33
SINGLE 51.07928700148 -114.13067251807 1113.1032 -16.6000 WGS84 1.1986 0.9926 2.3611 "" 0.000 0.000 34 30 30 29 00 06 35 33
SINGLE 51.07928817463 -114.13067322881 1113.0978 -16.6000 WGS84 1.1982 0.9921 2.3604 "" 0.000 0.000 34 30 30 30 00 06 35 33
SINGLE 51.07928948981 -114.13067407206 1113.1455 -16.6000 WGS84 1.1968 0.9902 2.3581 "" 0.000 0.000 34 30 30 30 00 06 35 33
SINGLE 51.07929052668 -114.13067487151 1113.1582 -16.6000 WGS84 1.1964 0.9887 2.3570 "" 0.000 0.000 34 30 30 30 00 06 35 33
SINGLE 51.07929124202 -114.13067494786 1113.2862 -16.6000 WGS84 1.1943 0.9847 2.3478 "" 0.000 0.000 33 30 30 30 00 06 35 33
SINGLE 51.07928878581 -114.13066747413 1114.5190 -16.6000 WGS84 1.1738 0.9282 2.2382 "" 0.000 0.000 33 30 30 30 00 06 35 33
SINGLE 51.07928982374 -114.13066864294 1114.5489 -16.6000 WGS84 1.1739 0.9277 2.2376 "" 0.000 0.000 33 30 30 30 00 06 35 33
SINGLE 51.07929092508 -114.13066979659 1114.5250 -16.6000 WGS84 1.1739 0.9269 2.2379 "" 0.000 0.000 33 30 30 30 00 06 35 33
SINGLE 51.07929218113 -114.13067162313 1114.4298 -16.6000 WGS84 1.1743 0.9286 2.2404 "" 0.000 0.000 33 30 30 30 00 06 35 33
SINGLE 51.07929323063 -114.13067272564 1114.4064 -16.6000 WGS84 1.1743 0.9292 2.2415 "" 0.000 0.000 33 30 30 30 00 06 35 33
SINGLE 51.07929440116 -114.13067378070 1114.3736 -16.6000 WGS84 1.1739 0.9283 2.2397 "" 0.000 0.000 33 31 31 30 00 06 35 33
SINGLE 51.07929553641 -114.13067486433 1114.3757 -16.6000 WGS84 1.1736 0.9283 2.2387 "" 0.000 0.000 34 31 31 30 00 06 35 33
SINGLE 51.07929667550 -114.13067585032 1114.4161 -16.6000 WGS84 1.1733 0.9279 2.2382 "" 0.000 0.000 34 31 31 30 00 06 35 33
SINGLE 51.07929780762 -114.13067713034 1114.4339 -16.6000 WGS84 1.1729 0.9274 2.2374 "" 0.000 0.000 34 31 31 30 00 06 35 33
SINGLE 51.07929841144 -114.13067772508 1114.5143 -16.6000 WGS84 1.1725 0.9260 2.2355 "" 0.000 0.000 34 31 31 30 00 06 35 33
SINGLE 51.07929938626 -114.13067894585 1114.4995 -16.6000 WGS84 1.1725 0.9250 2.2349 "" 0.000 0.000 34 31 31 29 00 06 35 33
SINGLE 51.07930036152 -114.13068017454 1114.4698 -16.6000 WGS84 1.1720 0.9247 2.2344 "" 0.000 0.000 34 31 31 30 00 06 35 33
SINGLE 51.07930111013 -114.13068124733 1114.5088 -16.6000 WGS84 1.1709 0.9222 2.2304 "" 0.000 0.000 34 31 31 30 00 06 35 33
SINGLE 51.07930184053 -114.13068256596 1114.5594 -16.6000 WGS84 1.1708 0.9214 2.2293 "" 0.000 0.000 34 31 31 30 00 06 35 33
SINGLE 51.07930258977 -114.13068375441 1114.5825 -16.6000 WGS84 1.1695 0.9082 2.2153 "" 0.000 0.000 34 31 31 30 00 06 35 33
SINGLE 51.07930339551 -114.13068475168 1114.6135 -16.6000 WGS84 1.1680 0.8920 2.1986 "" 0.000 0.000 34 31 31 30 00 06 35 33
SINGLE 51.07930425693 -114.13068608350 1114.5852 -16.6000 WGS84 1.1678 0.8886 2.1949 "" 0.000 0.000 34 31 31 31 00 06 35 33
SINGLE 51.07930521187 -114.13068780830 1114.5806 -16.6000 WGS84 1.1675 0.8863 2.1924 "" 0.000 0.000 34 31 31 31 00 06 35 33
SINGLE 51.07930613623 -114.13068931109 1114.5882 -16.6000 WGS84 1.1672 0.8860 2.1918 "" 0.000 0.000 34 31 31 31 00 06 35 33
SINGLE 51.07930685473 -114.13069102579 1114.6385 -16.6000 WGS84 1.1672 0.8854 2.1908 "" 0.000 0.000 35 31 31 31 00 06 35 33
SINGLE 51.07930751579 -114.13069254639 1114.6473 -16.6000 WGS84 1.1671 0.8838 2.1892 "" 0.000 0.000 34 31 31 31 00 06 35 33
SINGLE 51.07930824122 -114.13069417336 1114.6370 -16.6000 WGS84 1.1672 0.8816 2.1870 "" 0.000 0.000 34 31 31 31 00 06 35 33
SINGLE 51.07930884063 -114.13069590859 1114.6060 -16.6000 WGS84 1.1675 0.8801 2.1855 "" 0.000 0.000 33 31 31 31 00 06 35 33
SINGLE 51.07930942547 -114.13069775657 1114.6240 -16.6000 WGS84 1.1676 0.8792 2.1844 "" 0.000 0.000 34 31 31 31 00 06 35 33
SINGLE 51.07931003463 -114.13069959802 1114.6309 -16.6000 WGS84 1.1672 0.8788 2.1836 "" 0.000 0.000 33 31 31 31 00 06 35 33
SINGLE 51.07931072479 -114.13070108382 1114.6416 -16.6000 WGS84 1.1669 0.8784 2.1828 "" 0.000 0.000 33 31 31 31 00 06 35 33
SINGLE 51.07931146615 -114.13070252780 1114.5962 -16.6000 WGS84 1.1671 0.8785 2.1828 "" 0.000 0.000 33 31 31 31 00 06 35 33
SINGLE 51.07931232810 -114.13070423615 1114.5518 -16.6000 WGS84 1.1669 0.8774 2.1815 "" 0.000 0.000 33 31 31 31 00 06 35 33
SINGLE 51.07931302511 -114.13070595385 1114.5084 -16.6000 WGS84 1.1669 0.8762 2.1801 "" 0.000 0.000 33 31 31 31 00 06 35 33
SINGLE 51.07931375555 -114.13070765510 1114.5048 -16.6000 WGS84 1.1665 0.8754 2.1791 "" 0.000 0.000 33 31 31 31 00 06 35 33
SINGLE 51.07931429040 -114.13070946639 1114.5222 -16.6000 WGS84 1.1665 0.8754 2.1789 "" 0.000 0.000 33 31 31 31 00 06 35 33
SINGLE 51.07931472939 -114.13071121437 1114.5150 -16.6000 WGS84 1.1670 0.8753 2.1787 "" 0.000 0.000 33 31 31 31 00 06 35 33
SINGLE 51.07931532626 -114.13071299682 1114.4714 -16.6000 WGS84 1.1671 0.8757 2.1786 "" 0.000 0.000 33 31 31 31 00 06 35 33
SINGLE 51.07931585718 -114.13071490518 1114.4296 -16.6000 WGS84 1.1668 0.8753 2.1781 "" 0.000 0.000 33 31 31 31 00 06 35 33
SINGLE 51.07931616254 -114.13071690656 1114.4062 -16.6000 WGS84 1.1673 0.8755 2.1781 "" 0.000 0.000 33 31 31 31 00 06 35 33
SINGLE 51.07931662557 -114.13071911683 1114.3823 -16.6000 WGS84 1.1678 0.8752 2.1779 "" 0.000 0.000 33 31 31 31 00 06 35 33
SINGLE 51.07931693325 -114.13072095845 1114.3754 -16.6000 WGS84 1.1675 0.8745 2.1769 "" 0.000 0.000 33 31 31 31 00 06 35 33
SINGLE 51.07931739260 -114.13072284245 1114.3301 -16.6000 WGS84 1.1669 0.8740 2.1759 "" 0.000 0.000 33 31 31 31 00 06 35 33
SINGLE 51.07931770223 -114.13072487932 1114.2911 -16.6000 WGS84 1.1675 0.8745 2.1758 "" 0.000 0.000 33 31 31 31 00 06 35 33
SINGLE 51.07931755031 -114.13072731726 1114.2293 -16.6000 WGS84 1.1764 0.8807 2.1791 "" 0.000 0.000 33 31 31 31 00 06 35 33
SINGLE 51.07931802298 -114.13072900676 1114.2631 -16.6000 WGS84 1.1718 0.8770 2.1768 "" 0.000 0.000 33 31 31 31 00 06 35 33
SINGLE 51.07931807014 -114.13073093147 1114.2643 -16.6000 WGS84 1.1704 0.8758 2.1760 "" 0.000 0.000 33 31 31 31 00 06 35 33
SINGLE 51.07931705575 -114.13073275041 1114.4236 -16.6000 WGS84 1.1555 0.8760 2.1593 "" 0.000 0.000 33 32 32 32 00 06 35 33
SINGLE 51.07931551309 -114.13073630910 1114.2649 -16.6000 WGS84 1.1849 0.8974 2.1715 "" 0.000 0.000 32 31 31 31 00 06 35 33
SINGLE 51.07931526520 -114.13073811486 1114.2496 -16.6000 WGS84 1.1850 0.8977 2.1717 "" 0.000 0.000 32 31 31 31 00 06 35 33
SINGLE 51.07931503843 -114.13074004637 1114.2488 -16.6000 WGS84 1.1848 0.8975 2.1713 "" 0.000 0.000 32 31 31 31 00 06 35 33
SINGLE 51.07931467125 -114.13074183995 1114.2646 -16.6000 WGS84 1.1850 0.8974 2.1712 "" 0.000 0.000 32 31 31 31 00 06 35 33
SINGLE 51.07931426336 -114.13074380550 1114.2656 -16.6000 WGS84 1.1855 0.8975 2.1715 "" 0.000 0.000 32 31 31 31 00 06 35 33
SINGLE 51.07931382042 -114.13074555704 1114.2565 -16.6000 WGS84 1.1859 0.8979 2.1718 "" 0.000 0.000 32 31 31 31 00 06 35 33
SINGLE 51.07931349031 -114.13074763098 1114.2338 -16.6000 WGS84 1.1863 0.8984 2.1723 "" 0.000 0.000 32 31 31 31 00 06 35 33
SINGLE 51.07931323272 -114.13074987960 1114.1629 -16.6000 WGS84 1.1868 0.8989 2.1728 "" 0.000 0.000 32 31 31 31 00 06 35 33
SINGLE 51.07931286358 -114.13075206351 1114.1511 -16.6000 WGS84 1.1878 0.8991 2.1732 "" 0.000 0.000 32 31 31 31 00 06 35 33
SINGLE 51.07931039986 -114.13075862992 1114.6590 -16.6000 WGS84 1.1927 0.9134 2.1876 "" 0.000 0.000 32 31 31 31 00 06 35 37
SINGLE 51.07931136582 -114.13075672214 1114.2364 -16.6000 WGS84 1.1889 0.9003 2.1747 "" 0.000 0.000 32 31 31 31 00 06 35 33
SINGLE 51.07931092199 -114.13075879801 1114.1871 -16.6000 WGS84 1.1900 0.9011 2.1755 "" 0.000 0.000 33 31 31 31 00 06 35 33
SINGLE 51.07931029018 -114.13076065003 1114.1627 -16.6000 WGS84 1.1906 0.9011 2.1754 "" 0.000 0.000 33 31 31 31 00 06 35 33
SINGLE 51.07930973204 -114.13076262143 1114.1319 -16.6000 WGS84 1.1910 0.9005 2.1746 "" 0.000 0.000 33 31 31 31 00 06 35 33
SINGLE 51.07930949430 -114.13076415362 1114.1312 -16.6000 WGS84 1.1925 0.8996 2.1759 "" 0.000 0.000 33 31 31 31 00 06 35 33
SINGLE 51.07930900722 -114.13076561116 1114.1524 -16.6000 WGS84 1.1959 0.9006 2.1771 "" 0.000 0.000 33 31 31 31 00 06 35 33
SINGLE 51.07930950301 -114.13076737768 1114.0258 -16.6000 WGS84 1.2046 0.8992 2.1904 "" 0.000 0.000 32 30 30 30 00 06 35 33
SINGLE 51.07930900643 -114.13076938984 1113.9868 -16.6000 WGS84 1.2046 0.8989 2.1903 "" 0.000 0.000 32 30 30 30 00 06 35 33
SINGLE 51.07930628761 -114.13077254534 1113.9011 -16.6000 WGS84 1.2326 0.9111 2.1897 "" 0.000 0.000 32 30 30 30 00 06 35 33
SINGLE 51.07930648482 -114.13077442769 1113.8010 -16.6000 WGS84 1.2456 0.9111 2.2017 "" 0.000 0.000 31 29 29 29 00 06 35 33
SINGLE 51.07930736594 -114.13077518201 1113.9223 -16.6000 WGS84 1.2047 0.8979 2.1899 "" 0.000 0.000 32 30 30 30 00 06 35 33
SINGLE 51.07930576715 -114.13077683969 1114.1076 -16.6000 WGS84 1.1885 0.8976 2.1731 "" 0.000 0.000 33 31 31 31 00 06 35 33
SINGLE 51.07930513224 -114.13077853537 1114.1077 -16.6000 WGS84 1.1882 0.8978 2.1735 "" 0.000 0.000 33 31 31 31 00 06 35 33
SINGLE 51.07930456656 -114.13078026006 1114.0721 -16.6000 WGS84 1.1884 0.8986 2.1750 "" 0.000 0.000 33 31 31 31 00 06 35 33
SINGLE 51.07930402182 -114.13078213481 1114.0242 -16.6000 WGS84 1.1885 0.8989 2.1755 "" 0.000 0.000 34 31 31 31 00 06 35 33
SINGLE 51.07930328676 -114.13078375502 1114.0415 -16.6000 WGS84 1.1886 0.8994 2.1762 "" 0.000 0.000 34 31 31 31 00 06 35 33
SINGLE 51.07930236987 -114.13078437996 1114.1632 -16.6000 WGS84 1.1937 0.9169 2.2104 "" 0.000 0.000 34 31 31 31 00 06 35 33
SINGLE 51.07930253826 -114.13078714469 1113.9441 -16.6000 WGS84 1.1940 0.9017 2.1846 "" 0.000 0.000 34 31 31 31 00 06 35 33
SINGLE 51.07930262164 -114.13078901498 1113.8064 -16.6000 WGS84 1.2056 0.9023 2.1974 "" 0.000 0.000 33 30 30 30 00 06 35 33
SINGLE 51.07930226899 -114.13079119221 1113.7345 -16.6000 WGS84 1.2061 0.9053 2.2024 "" 0.000 0.000 32 30 30 29 00 06 35 33
SINGLE 51.07929999945 -114.13079401715 1113.6571 -16.6000 WGS84 1.2464 0.9168 2.2104 "" 0.000 0.000 32 29 29 29 00 06 35 33
SINGLE 51.07929857856 -114.13079570987 1113.7900 -16.6000 WGS84 1.2301 0.9184 2.1973 "" 0.000 0.000 33 30 30 29 00 06 35 33
SINGLE 51.07929795264 -114.13079729804 1113.8052 -16.6000 WGS84 1.2305 0.9196 2.1996 "" 0.000 0.000 33 30 30 29 00 06 35 33
SINGLE 51.07929769679 -114.13079727042 1113.9501 -16.6000 WGS84 1.2504 0.9336 2.2440 "" 0.000 0.000 31 29 29 29 00 06 35 33
SINGLE 51.07929667762 -114.13080006032 1113.8511 -16.6000 WGS84 1.2314 0.9224 2.2054 "" 0.000 0.000 32 30 30 28 00 06 35 33
SINGLE 51.07929616931 -114.13080188268 1113.7958 -16.6000 WGS84 1.2310 0.9180 2.1970 "" 0.000 0.000 32 30 30 29 00 06 35 33
SINGLE 51.07929784024 -114.13081147038 1112.6171 -16.6000 WGS84 1.2392 0.9653 2.2882 "" 0.000 0.000 31 29 29 29 00 06 35 33
SINGLE 51.07929620849 -114.13080619565 1113.5416 -16.6000 WGS84 1.2497 0.9255 2.2275 "" 0.000 0.000 32 29 29 28 00 06 35 33
SINGLE 51.07929489320 -114.13080711437 1113.7073 -16.6000 WGS84 1.2367 0.9214 2.2071 "" 0.000 0.000 33 30 30 29 00 06 35 33
SINGLE 51.07929443591 -114.13080869073 1113.6723 -16.6000 WGS84 1.2392 0.9217 2.2092 "" 0.000 0.000 33 30 30 29 00 06 35 33
SINGLE 51.07929589633 -114.13081804893 1112.5397 -16.6000 WGS84 1.2414 0.9654 2.2877 "" 0.000 0.000 32 29 29 29 00 06 35 33
SINGLE 51.07929295685 -114.13081156701 1113.7748 -16.6000 WGS84 1.2367 0.9260 2.2110 "" 0.000 0.000 32 30 30 29 00 06 35 33
SINGLE 51.07929234765 -114.13081318233 1113.8017 -16.6000 WGS84 1.2378 0.9301 2.2151 "" 0.000 0.000 32 30 30 29 00 06 35 33
SINGLE 51.07929414748 -114.13082317415 1112.5438 -16.6000 WGS84 1.2453 0.9713 2.2932 "" 0.000 0.000 31 29 29 29 00 06 35 33
SINGLE 51.07929354595 -114.13082473824 1112.5259 -16.6000 WGS84 1.2472 0.9709 2.2925 "" 0.000 0.000 31 29 29 29 00 06 35 33
SINGLE 51.07929286071 -114.13082632305 1112.5171 -16.6000 WGS84 1.2492 0.9706 2.2922 "" 0.000 0.000 31 29 29 29 00 06 35 33
SINGLE 51.07928957091 -114.13081959268 1113.8005 -16.6000 WGS84 1.2462 0.9372 2.2265 "" 0.000 0.000 31 30 30 29 00 06 35 33
SINGLE 51.07929212395 -114.13082960088 1112.4126 -16.6000 WGS84 1.2720 0.9742 2.3150 "" 0.000 0.000 29 28 28 28 00 06 35 33
SINGLE 51.07929086067 -114.13082817009 1114.0870 -16.6000 WGS84 1.2631 0.9636 2.2875 "" 0.000 0.000 31 30 30 29 00 06 35 33
SINGLE 51.07928836607 -114.13082652606 1113.4008 -16.6000 WGS84 1.2499 0.9561 2.2573 "" 0.000 0.000 31 30 30 29 00 06 35 33
SINGLE 51.07928711221 -114.13082758240 1113.5514 -16.6000 WGS84 1.2619 0.9569 2.2532 "" 0.000 0.000 31 30 30 29 00 06 35 33
SINGLE 51.07928920431 -114.13083623075 1112.4558 -16.6000 WGS84 1.2834 1.0233 2.3279 "" 0.000 0.000 28 27 27 27 00 06 35 33
SINGLE 51.07928855396 -114.13083798038 1112.5214 -16.6000 WGS84 1.2852 0.9829 2.3233 "" 0.000 0.000 29 28 28 28 00 06 35 33
SINGLE 51.07928666711 -114.13083969093 1112.6968 -16.6000 WGS84 1.2748 0.9847 2.3018 "" 0.000 0.000 30 29 29 29 00 06 35 33
SINGLE 51.07928561598 -114.13084138665 1112.7119 -16.6000 WGS84 1.2850 0.9864 2.3015 "" 0.000 0.000 30 29 29 29 00 06 35 33
SINGLE 51.07928692955 -114.13084646192 1113.3310 -16.6000 WGS84 1.2957 1.0086 2.3526 "" 0.000 0.000 30 29 29 29 00 06 35 33
SINGLE 51.07928631137 -114.13084775390 1113.3224 -16.6000 WGS84 1.2929 1.0065 2.3509 "" 0.000 0.000 30 29 29 29 00 06 35 33
SINGLE 51.07928350010 -114.13084580203 1112.6221 -16.6000 WGS84 1.2815 0.9940 2.3086 "" 0.000 0.000 30 29 29 29 00 06 35 33
SINGLE 51.07928283114 -114.13084696009 1112.6410 -16.6000 WGS84 1.2825 0.9925 2.3080 "" 0.000 0.000 30 29 29 29 00 06 35 33
SINGLE 51.07928225204 -114.13085061132 1112.3883 -16.6000 WGS84 1.2845 1.0848 2.4030 "" 0.000 0.000 29 28 28 27 00 06 35 33
SINGLE 51.07928174573 -114.13085190174 1112.4028 -16.6000 WGS84 1.2890 1.0853 2.4071 "" 0.000 0.000 29 28 28 27 00 06 35 33
SINGLE 51.07928104652 -114.13085412549 1112.3435 -16.6000 WGS84 1.2920 1.1380 2.4090 "" 0.000 0.000 28 27 27 26 00 06 35 33
SINGLE 51.07928053543 -114.13085560265 1112.3347 -16.6000 WGS84 1.3000 1.1409 2.4149 "" 0.000 0.000 28 27 27 26 00 06 35 33
SINGLE 51.07927744727 -114.13085942960 1112.2321 -16.6000 WGS84 1.3602 1.1656 2.4181 "" 0.000 0.000 27 26 26 25 00 06 35 33
SINGLE 51.07927830848 -114.13085965447 1112.3349 -16.6000 WGS84 1.2823 1.1360 2.4126 "" 0.000 0.000 29 28 28 26 00 06 35 33
SINGLE 51.07927785357 -114.13086073568 1112.3725 -16.6000 WGS84 1.2757 1.1338 2.4121 "" 0.000 0.000 29 28 28 26 00 06 35 33
SINGLE 51.07927716538 -114.13086051167 1112.3794 -16.6000 WGS84 1.2736 1.1423 2.4114 "" 0.000 0.000 29 28 28 26 00 06 35 33
SINGLE 51.07927513890 -114.13086289381 1112.3353 -16.6000 WGS84 1.3550 1.1735 2.4139 "" 0.000 0.000 29 27 27 25 00 06 35 33
SINGLE 51.07927541251 -114.13086429298 1112.1572 -16.6000 WGS84 1.3796 1.1751 2.4423 "" 0.000 0.000 28 26 26 25 00 06 35 33
SINGLE 51.07927273840 -114.13086524133 1112.2548 -16.6000 WGS84 1.3653 1.1738 2.4198 "" 0.000 0.000 29 27 27 25 00 06 35 33
SINGLE 51.07927302725 -114.13086593632 1112.3638 -16.6000 WGS84 1.3566 1.1739 2.4157 "" 0.000 0.000 30 27 27 26 00 06 35 33
SINGLE 51.07927215324 -114.13086739731 1112.2940 -16.6000 WGS84 1.3599 1.1735 2.4177 "" 0.000 0.000 30 27 27 26 00 06 35 33
SINGLE 51.07927225604 -114.13086886039 1112.3255 -16.6000 WGS84 1.3570 1.1742 2.4162 "" 0.000 0.000 30 27 27 26 00 06 35 33
SINGLE 51.07927219221 -114.13086485389 1112.2890 -16.6000 WGS84 1.3556 1.1315 2.4158 "" 0.000 0.000 30 27 27 26 00 06 35 33
SINGLE 51.07927197075 -114.13086638021 1112.2855 -16.6000 WGS84 1.3687 1.1490 2.4225 "" 0.000 0.000 30 27 27 26 00 06 35 33
SINGLE 51.07929012470 -114.13085469861 1115.0470 -16.6000 WGS84 1.4103 1.1597 2.4635 "" 0.000 0.000 30 27 27 26 00 06 35 33
SINGLE 51.07928938010 -114.13085650757 1115.0859 -16.6000 WGS84 1.4115 1.1629 2.4640 "" 0.000 0.000 30 27 27 26 00 06 35 33
SINGLE 51.07928858581 -114.13085841482 1115.0596 -16.6000 WGS84 1.4157 1.1656 2.4663 "" 0.000 0.000 30 27 27 26 00 06 35 33
SINGLE 51.07928847476 -114.13085954920 1115.0246 -16.6000 WGS84 1.4122 1.1631 2.4656 "" 0.000 0.000 30 27 27 26 00 06 35 33
SINGLE 51.07928672530 -114.13086650545 1115.1778 -16.6000 WGS84 1.5389 1.3889 2.6258 "" 0.000 0.000 26 23 23 23 00 06 35 33
SINGLE 51.07928546248 -114.13086091652 1114.9646 -16.6000 WGS84 1.5032 1.2906 2.5850 "" 0.000 0.000 27 24 24 23 00 06 35 33
SINGLE 51.07928551946 -114.13086930730 1115.2450 -16.6000 WGS84 1.4801 1.3405 2.5755 "" 0.000 0.000 28 25 25 25 00 06 35 33
SINGLE 51.07928203960 -114.13087749703 1115.5631 -16.6000 WGS84 1.5082 1.3613 2.6003 "" 0.000 0.000 27 24 24 24 00 06 35 37
SINGLE 51.07928793601 -114.13087600474 1116.1703 -16.6000 WGS84 1.5303 1.3806 2.6538 "" 0.000 0.000 26 23 23 23 00 06 35 33
SINGLE 51.07927856745 -114.13087552115 1114.2131 -16.6000 WGS84 1.7544 1.4524 2.8895 "" 0.000 0.000 27 24 24 24 00 06 35 33
SINGLE 51.07927795671 -114.13087683931 1114.2213 -16.6000 WGS84 1.7539 1.4510 2.8976 "" 0.000 0.000 27 24 24 24 00 06 35 33
SINGLE 51.07927736618 -114.13087636388 1114.1118 -16.6000 WGS84 1.7556 1.4472 3.1510 "" 0.000 0.000 28 25 25 23 00 06 35 33
SINGLE 51.07927697452 -114.13087754409 1114.3117 -16.6000 WGS84 1.7553 1.4313 2.9138 "" 0.000 0.000 29 26 26 25 00 06 35 33
SINGLE 51.07927671519 -114.13087704206 1114.1526 -16.6000 WGS84 1.7589 1.4220 3.0341 "" 0.000 0.000 28 25 25 24 00 06 35 33
SINGLE 51.07927697418 -114.13087382838 1114.2253 -16.6000 WGS84 1.7542 1.3796 2.9800 "" 0.000 0.000 30 27 27 25 00 06 35 33
SINGLE 51.07927711546 -114.13087092791 1113.9229 -16.6000 WGS84 1.7515 1.3541 3.1583 "" 0.000 0.000 28 25 25 25 00 06 35 33
SINGLE 51.07927683553 -114.13087140167 1113.9576 -16.6000 WGS84 1.7513 1.3538 3.1590 "" 0.000 0.000 28 25 25 25 00 06 35 33
SINGLE 51.07927659544 -114.13087196309 1113.9410 -16.6000 WGS84 1.7510 1.3527 3.1616 "" 0.000 0.000 28 25 25 25 00 06 35 33
SINGLE 51.07927600502 -114.13087306273 1113.8497 -16.6000 WGS84 1.7503 1.3521 3.1647 "" 0.000 0.000 28 25 25 25 00 06 35 33
SINGLE 51.07927572805 -114.13087346269 1113.8326 -16.6000 WGS84 1.7395 1.3472 3.1551 "" 0.000 0.000 28 25 25 24 00 06 35 33
SINGLE 51.07927588074 -114.13086703486 1114.0149 -16.6000 WGS84 1.6181 1.2735 3.0167 "" 0.000 0.000 28 25 25 25 00 06 35 33
SINGLE 51.07927216661 -114.13085576544 1113.6396 -16.6000 WGS84 1.6016 1.2021 3.0190 "" 0.000 0.000 28 25 25 25 00 06 35 33
SINGLE 51.07928660637 -114.13084650127 1107.6786 -16.6000 WGS84 1.6030 1.2089 2.9162 "" 0.000 0.000 28 25 25 25 00 06 35 33
SINGLE 51.07928555568 -114.13085384183 1107.3241 -16.6000 WGS84 1.6087 1.2848 2.9177 "" 0.000 0.000 27 24 24 24 00 06 35 33
SINGLE 51.07928211279 -114.13085203000 1106.6425 -16.6000 WGS84 1.6086 1.2677 2.9228 "" 0.000 0.000 27 24 24 24 00 06 35 33
SINGLE 51.07928158081 -114.13085420785 1106.6600 -16.6000 WGS84 1.6031 1.2708 2.9209 "" 0.000 0.000 27 24 24 23 00 06 35 33
SINGLE 51.07928273087 -114.13085024714 1106.3717 -16.6000 WGS84 1.6078 1.2780 2.9869 "" 0.000 0.000 26 23 23 22 00 06 35 33
SINGLE 51.07927502469 -114.13085907255 1104.8859 -16.6000 WGS84 1.4608 1.2474 2.8185 "" 0.000 0.000 26 23 23 23 00 06 35 33
SINGLE 51.07928300176 -114.13085573886 1103.8072 -16.6000 WGS84 1.6262 1.3083 3.2758 "" 0.000 0.000 25 22 22 21 00 06 35 33
SINGLE 51.07928602241 -114.13086109201 1103.8534 -16.6000 WGS84 1.6521 1.3148 3.1647 "" 0.000 0.000 25 22 22 22 00 06 35 33
SINGLE 51.07928656685 -114.13085939443 1105.1045 -16.6000 WGS84 1.6070 1.3033 3.0994 "" 0.000 0.000 26 23 23 21 00 06 35 33
SINGLE 51.07927449946 -114.13085702891 1100.9260 -16.6000 WGS84 1.7638 1.3051 3.4812 "" 0.000 0.000 24 21 21 21 00 06 35 33
SINGLE 51.07928490887 -114.13086054486 1103.7088 -16.6000 WGS84 1.6019 1.3052 3.1811 "" 0.000 0.000 26 23 23 21 00 06 35 33
SINGLE 51.07928019559 -114.13086791111 1100.7289 -16.6000 WGS84 1.7058 1.3699 3.3478 "" 0.000 0.000 26 22 22 21 00 06 35 37
SINGLE 51.07928085507 -114.13085343348 1106.4636 -16.6000 WGS84 1.6138 1.3007 3.0165 "" 0.000 0.000 28 24 24 23 00 06 35 33
SINGLE 51.07927758220 -114.13086255308 1102.1936 -16.6000 WGS84 1.6196 1.3105 3.1219 "" 0.000 0.000 26 22 22 20 00 06 35 37
SINGLE 51.07927601215 -114.13086766636 1103.1365 -16.6000 WGS84 1.7101 1.3734 3.0407 "" 0.000 0.000 27 23 23 21 00 06 35 37
SINGLE 51.07927607377 -114.13085685239 1104.8509 -16.6000 WGS84 1.6315 1.3245 3.1709 "" 0.000 0.000 26 22 22 18 00 06 35 33
SINGLE 51.07926891969 -114.13086260788 1098.5337 -16.6000 WGS84 1.6416 1.3032 3.3544 "" 0.000 0.000 27 23 23 20 00 06 35 33
SINGLE 51.07927601761 -114.13085982223 1101.1946 -16.6000 WGS84 1.6254 1.3158 3.3070 "" 0.000 0.000 26 22 22 19 00 06 35 33
SINGLE 51.07925568719 -114.13087460940 1095.9878 -16.6000 WGS84 1.7858 1.3346 3.8743 "" 0.000 0.000 26 22 22 20 00 06 35 33
SINGLE 51.07925818685 -114.13087189269 1097.4864 -16.6000 WGS84 1.8948 1.3576 4.2770 "" 0.000 0.000 25 21 21 19 00 06 35 33
SINGLE 51.07925815098 -114.13085106606 1093.1583 -16.6000 WGS84 1.7925 1.5504 4.0044 "" 0.000 0.000 24 20 20 17 00 06 35 33
SINGLE 51.07925472435 -114.13087929802 1092.0127 -16.6000 WGS84 1.8014 1.4060 4.0893 "" 0.000 0.000 23 19 19 17 00 06 35 33
